# 		ID		CurrentAges[MYr]		X[pc]		Y[pc]		Z[pc]		mass[Msun]		t_sim[Myr], z, ctr(code), ctr(pc)<built-in function empty> <built-in function empty> <built-in function empty> <built-in function empty> <built-in function empty> 7.590757756563246
0 52 -818.1545694682427 -100.84051081148758 -868.1628211005483 7.590757756563246
0 28 45.58299975133145 -106.6699277145385 -41.47535017098918 7.590757756563246
0 38 1.0084126906655186 -735.1688258500303 -7.455192985020814 7.590757756563246
0 4 35.901507238855096 -945.2298901146783 -38.41802822851844 7.590757756563246
0 61 -84.13120135482838 -169.01331540606608 -38.41802822851844 7.590757756563246
0 84 460.9802862108336 885.1184706626796 -1.1119233671076443 7.590757756563246
0 61 -10.676177255050533 722.0503220091856 -2.4324788360277174 7.590757756563246
0 52 281.8514524735917 258.7756580487236 -967.6529509092971 7.590757756563246
0 3 -1.0965565212749606 -166.6218434923668 57.88227919830123 7.590757756563246
0 75 -38.78944478017243 896.4251825701497 998.6071930793637 24.786568281775256
0 44 -586.3292554782831 311.48627584740706 -147.27466002701013 12.23778317441667
0 6 -58.93223166367471 -285.24694505730514 11.045703194934003 7.590757756563246
0 59 1.0370361974177806 577.195002030279 -504.9086395892254 7.590757756563246
0 55 131.62793639275085 -393.8171969648831 340.93601982656935 7.590757756563246
0 28 -243.0437580002738 371.8139152163396 969.4988407689909 7.590757756563246
0 24 13.51112609505664 726.4382633412403 -236.92775868212178 7.590757756563246
0 20 786.0351418828395 420.5716404319162 21.684582002169485 7.590757756563246
0 61 5.730319446408162 -288.6669210716085 -56.33631078231322 7.590757756563246
0 34 124.76951657309542 -901.1227638427191 4.596776417277874 7.590757756563246
0 69 8.189814753444566 -149.46070286752578 -456.6604732660792 9.899289113207761
0 89 -935.2808275727068 -194.29065878548815 1.9694203856614445 7.590757756563246
0 48 5.262475277863783 -280.16291660533943 -891.637952973717 7.590757756563246
0 37 1.7460485771277545 994.8294137390491 -999.6516162552707 10.284407575703286
0 5 -431.0632514918189 -169.01331540606608 70.31802505495924 7.590757756563246
0 5 -864.6632872643253 5.010923191446682 -2.5628882227176892 7.590757756563246
0 96 -987.534348026621 -59.99781637867151 0.8884485862954093 7.590757756563246
0 94 39.92197142180668 -71.54876741731277 -634.3368787863758 7.590757756563246
0 29 -638.9001407258727 652.5650544526599 244.58857205385542 7.590757756563246
0 52 -3.4892965973760797 -8.383321261286595 -2.369581841049828 7.590757756563246
0 56 293.8425759183997 -44.31634192345261 33.85732185702312 23.347338790539826
0 35 -1.0226315735879894 7.281038485951703 180.0800548534357 13.739833871263274
0 24 910.2423061281431 42.6735495142731 175.09965675011335 7.590757756563246
0 27 -925.9696893289636 14.9172983285519 38.049626909191666 7.590757756563246
0 81 433.1742915316544 3.95844503008868 16.09858337489415 7.590757756563246
0 97 930.0281314285266 -6.235408959199237 -1.50479222853014 7.590757756563246
0 2 -172.6466179407732 -677.479489830122 -465.3144907628399 7.590757756563246
0 89 -88.45271963742024 -645.7377755699547 886.7627759875546 7.590757756563246
0 54 -43.07936739995334 153.90434591069092 988.1173847877349 7.590757756563246
0 32 -886.7627759875546 401.9657293201844 -924.5945147602107 7.590757756563246
0 20 159.59406557404165 812.2590196257241 -433.1742915316544 7.590757756563246
0 1 -855.7630278609373 638.9001407258727 -1.8670833384757517 10.119189023154796
0 30 30.065287858438076 456.6604732660792 212.06655580335135 7.590757756563246
0 30 4.711816494050464 -10.92128351271731 -26.915082966282117 8.776961683015335
0 94 -779.8384903098691 -1.3307076049324877 175.09965675011335 7.590757756563246
0 32 -14.9172983285519 1.08138666631775 563.5192538416999 13.13732185095439
0 28 -652.5650544526599 -20.149496066678882 722.0503220091856 7.590757756563246
0 7 39.16389509898706 -6.014221018388912 -6.235408959199237 7.590757756563246
0 41 -1.8921983077948115 -520.5527766530543 -543.089157748656 7.590757756563246
0 7 842.9526892473448 -124.76951657309542 -999.822238023755 7.590757756563246
0 38 20.79538899048429 412.25695599332846 -1.769661292086738 7.590757756563246
0 47 -439.53213627762307 529.5432457641605 -556.6964775929704 7.590757756563246
0 74 327.87068545408124 -2.7348998971773133 -126.70077040725849 7.590757756563246
0 77 55.32473897360948 -54.8246153863306 760.9554650536204 7.590757756563246
0 83 8.681261346550277 841.0905124570711 711.0190900224698 7.590757756563246
0 95 -8.681261346550277 -249.26090717663968 -47.761471503386794 7.590757756563246
0 37 157.30007376080368 -1.5673403964135 202.36222385925777 8.863766386168468
0 12 500.46180341114035 -226.46872015779306 -848.49158563416 7.590757756563246
0 4 875.055081391187 -12.08727808067372 -293.8425759183997 7.590757756563246
0 93 -534.0509674038435 999.822238023755 -901.1227638427191 7.590757756563246
0 58 -186.4455573889486 288.6669210716085 -868.1628211005483 7.590757756563246
0 33 688.7246136506345 606.9081740042766 760.9554650536204 7.590757756563246
0 48 -210.66122595497157 1.8177714612722895 -3.1916823744048095 7.590757756563246
0 10 -117.2676910361409 -960.7894391523232 -43.07936739995334 7.590757756563246
0 2 -917.5534501605714 -704.361190291616 -1.4445552680320377 7.590757756563246
0 56 -572.6325104064184 509.36600988695477 68.50418474278179 7.590757756563246
0 98 120.03931078151147 -39.92197142180668 -983.7494877128364 7.590757756563246
0 15 340.93601982656935 643.4596228940281 914.6609966899894 7.590757756563246
0 79 -142.97362431112603 11.045703194934003 102.48005229376876 7.590757756563246
0 77 1.312559803454191 -2.369581841049828 476.21058786196096 7.590757756563246
0 46 -2.0495315994753476 -43.07936739995334 -90.67861039088457 7.590757756563246
0 32 980.2230696662222 358.13529519195157 -1.9176238366825302 7.590757756563246
0 96 -3.764298419796463 -15.246757149973432 -333.4361120646482 7.590757756563246
0 52 -47.31894929129495 923.20825232214 73.42755537378615 7.590757756563246
0 77 -156.16214126075397 2.0768939849623913 -276.8043211015564 7.590757756563246
0 91 982.3793146181777 -356.2024606831856 4.711816494050464 7.590757756563246
0 31 32.23042346341634 -26.10694840220178 -684.2335310269239 7.590757756563246
0 14 -16.27388215925175 940.3491843351686 260.38343092302904 7.590757756563246
0 76 951.0620228537789 -19.111842476630912 238.44726335528773 40.9129804784612
0 99 857.5601128072285 1.3865521081411516 -3.4017815476128406 7.590757756563246
0 20 -489.39348296254406 -855.7630278609373 -27.46573640660345 7.590757756563246
0 89 14.434870394819859 638.9001407258727 -22.372999101651434 7.590757756563246
0 44 313.28338611422714 -4.161657786265153 -989.2422826105027 7.590757756563246
0 42 -64.99069903390969 -4.653974106725131 -99.22155499886324 7.590757756563246
0 95 62.73122179617208 2.104591741312798 18.315638888734178 7.590757756563246
0 7 198.29806528683955 504.9086395892254 2.4324788360277174 7.590757756563246
0 62 -940.3491843351686 831.66371288592 -992.7446701311568 7.590757756563246
0 13 808.2947927848106 127.67485470644141 198.29806528683955 7.590757756563246
0 66 -103.30758853268729 -356.2024606831856 -44.73523746317199 7.590757756563246
0 69 21.684582002169485 23.562566299640974 659.3801109716563 7.590757756563246
0 97 -704.361190291616 767.2966561297998 -958.7146692973223 7.590757756563246
0 44 2.4324788360277174 -1.8921983077948115 -95.26325532781016 7.590757756563246
0 90 -5.592957225076169 -2.308179870224725 -70.31802505495924 7.590757756563246
0 25 -14.594128334927582 -66.14513077327851 -5.9420802290793375 7.590757756563246
0 52 -835.4573328954519 316.8952504287921 955.508985746464 7.590757756563246
0 78 -253.9899843473379 -4.711816494050464 -0.863656014328385 7.590757756563246
0 6 708.8029074422434 128.65459806589402 -997.1595971547114 7.590757756563246
0 30 210.66122595497157 -931.358402111352 898.0010871912419 7.590757756563246
0 8 -420.5716404319162 2.338695981575381 -525.0437020905116 7.590757756563246
0 1 719.8509436510202 8.094570280841312 1.0965565212749606 64.4488317392228
0 42 36.60580500547935 579.4774994705258 463.14561190811463 7.590757756563246
0 34 8.000319682583328 -1.0516287658571344 134.65275493009034 15.498944334800294
0 9 -9.19892688703109 -2.338695981575381 -255.5789283045947 22.03044177232524
0 50 -283.546132426396 -8.580911710940288 465.3144907628399 7.590757756563246
0 47 401.9657293201844 -441.659524634296 -241.50526617973327 7.590757756563246
0 1 -913.1987092372023 590.9000213823455 0.8276700279306349 7.590757756563246
0 79 181.34068528269756 -525.0437020905116 3.2327295249379806 12.128455611150413
0 45 147.27466002701013 1.0664115055580667 -917.5534501605714 7.590757756563246
0 70 -59.46305997430319 722.0503220091856 545.3531144098193 7.590757756563246
0 8 -67.90809717870945 -6.014221018388912 -7.543665223869093 7.590757756563246
0 23 -735.1688258500303 111.87199087002818 467.48687757763474 7.590757756563246
0 74 -875.055081391187 -203.72957489957471 -1.54622933335889 7.590757756563246
0 53 5.661261994216657 -2.40084144738032 -1.0664115055580667 10.598496217024637
0 84 -959.7583184997327 178.82564466308554 -469.6627267937703 7.590757756563246
0 37 -41.47535017098918 -445.92621504025493 -111.87199087002818 7.590757756563246
0 29 -104.14032608861311 779.8384903098691 50.026265018240935 12.39278288720809
0 62 -986.3272221679593 4.428988723962282 1.6996916198818586 21.04410731235003
0 6 913.1987092372023 79.30421493407943 14.27714729748175 7.590757756563246
0 44 -41.082305315877704 -588.614387433212 -8.094570280841312 21.84006149708067
0 74 19.315557022103427 -717.6480580164288 930.0281314285266 18.70553839705187
0 39 14.75493349655341 -474.02462839387346 -261.99746667571577 7.590757756563246
0 66 -3.1511115984444413 37.68422233693188 3.95844503008868 7.590757756563246
0 24 60.5365209233276 -19.52116533968904 56.84779886790731 7.590757756563246
0 58 -65.56584038833385 743.835031938882 24.80656083224224 7.590757756563246
0 70 -896.4251825701497 668.4445867635698 -771.4985825509513 12.608485697154176
0 16 -982.3793146181777 93.71517862659043 -899.5669683012784 11.665473534000453
0 87 -241.50526617973327 -169.01331540606608 -43.07936739995334 7.590757756563246
0 62 -1.1432573369999999 -441.659524634296 -39.16389509898706 7.590757756563246
0 12 959.7583184997327 704.361190291616 672.9660176509437 29.574743690637085
0 60 2.9552330119597228 -49.109832973784656 110.11664002540041 7.590757756563246
0 21 868.1628211005483 509.36600988695477 5.592957225076169 7.590757756563246
0 48 -597.759301978483 -966.7107009560688 -13.51112609505664 7.590757756563246
0 62 -0.9400288421806862 672.9660176509437 -43.48842603527776 7.590757756563246
0 47 750.2896102405062 -1.610362451769495 167.8145128020078 7.590757756563246
0 86 -118.18606065666415 -214.89623398220536 32.23042346341634 7.590757756563246
0 64 986.3272221679593 -50.48979713720773 -24.053523695007314 7.590757756563246
0 18 109.24698965842845 -951.0620228537789 -302.5896209526439 7.590757756563246
0 2 -8.580911710940288 999.5449924362415 424.75541162654577 7.590757756563246
0 75 -243.0437580002738 -199.64647308648514 46.87986041980215 7.590757756563246
0 20 -34.86666722521059 16.99195790766509 -125.7323295944279 7.590757756563246
0 74 -10.43597820660384 618.3435244766652 52.37982516238848 7.590757756563246
0 83 -11.171381433530824 175.09965675011335 -44.31634192345261 7.590757756563246
0 44 1.4643822793155628 99.22155499886324 86.99304455988062 7.590757756563246
0 42 853.9575635874804 0.9668487904938663 1.0965565212749606 7.590757756563246
0 35 987.534348026621 -886.7627759875546 5.8001367867944715 7.590757756563246
0 53 -141.91309093155598 -13.51112609505664 15.7529581687075 7.590757756563246
0 45 -661.6487556483444 -41.082305315877704 6.160877871397614 7.590757756563246
0 72 855.7630278609373 297.3233204924443 261.99746667571577 7.590757756563246
0 58 1.5253809282306867 -11.426556546234506 4.949760932660852 7.590757756563246
0 71 994.4404009802407 967.6529509092971 -2.278029544741524 7.590757756563246
0 58 -0.8759708202690937 89.18981349138066 15.924946381880734 7.590757756563246
0 74 908.7483088389946 -1.2594804302571774 -890.022581198703 7.590757756563246
0 63 -20.149496066678882 -52.37982516238848 42.6735495142731 7.590757756563246
0 54 -320.53052101554124 1.54622933335889 -21.684582002169485 7.590757756563246
0 79 23.562566299640974 -1.0084126906655186 969.4988407689909 7.590757756563246
0 55 -994.4404009802407 -3.032208642742899 -3.86026114192844 7.590757756563246
0 43 286.953878628927 -641.1803884299546 940.3491843351686 7.590757756563246
0 4 981.6740012799432 543.089157748656 -886.7627759875546 50.52809198610984
0 1 -11.426556546234506 -990.8263371683942 -679.7330638036425 7.590757756563246
0 3 152.78445967628664 77.96667573281333 18.910007494257073 7.590757756563246
0 2 371.8139152163396 20.57811572929784 -78.63316061216977 7.590757756563246
0 43 -1.0664115055580667 684.2335310269239 507.13603386966753 35.41238442872645
0 57 -2.338695981575381 -180.0800548534357 140.85842092104502 7.590757756563246
0 74 -14.9172983285519 1.4445552680320377 500.46180341114035 7.590757756563246
0 37 690.9664563673877 -9.856405034858733 -4.484289956747011 7.590757756563246
0 87 -96.83139584924346 -7.63307882003053 -2.8066154157060765 7.590757756563246
0 50 10.084698539409285 -5.198538358669418 -810.2802438338863 7.590757756563246
0 1 -280.16291660533943 -190.33987291724583 247.6971509814819 7.590757756563246
0 27 -961.8079884497893 -918.9834999767215 233.9077564742394 7.590757756563246
0 48 -112.75772621284011 104.14032608861311 21.684582002169485 7.590757756563246
0 86 706.5835832436754 -307.90978509655105 590.9000213823455 7.590757756563246
0 91 96.83139584924346 -43.90074450206735 829.7556658693529 7.590757756563246
0 83 -936.5653298008534 531.7961120574406 13.06915448855308 7.590757756563246
0 86 -1.9176238366825302 -24.302306875338452 988.1173847877349 7.590757756563246
0 39 5.010923191446682 -1.2083928806740754 -1.676940964167717 9.542225493492454
0 35 -463.14561190811463 -181.34068528269756 164.25486542272122 7.590757756563246
0 29 861.1288698679906 -268.5160891601168 581.7607489775495 7.590757756563246
0 8 634.3368787863758 -779.8384903098691 1.1119233671076443 28.183100965525167
0 16 437.408774169447 -875.055081391187 261.99746667571577 7.590757756563246
0 1 -1.0664115055580667 -930.0281314285266 107.5236512006549 7.590757756563246
0 89 -2.161008118920224 4.266779294178442 223.53752096066137 7.590757756563246
0 32 -14.120946734206072 -896.4251825701497 -873.3455346669559 7.590757756563246
0 2 -7.281038485951703 3.86026114192844 2.161008118920224 11.786137109887989
0 59 5.198538358669418 4.596776417277874 540.8269077696117 16.78916019879715
0 31 -941.5870800105151 -147.27466002701013 775.6793910769313 7.590757756563246
0 27 -15.413876388157313 -783.9752893789288 4.5402171192708884 7.590757756563246
0 16 3.812004929644161 -659.3801109716563 -886.7627759875546 7.590757756563246
0 59 14.75493349655341 -818.1545694682427 145.11233518231327 7.590757756563246
0 53 -229.4253034145985 -74.06261133144415 54.32824013352512 7.590757756563246
0 1 4.829460842092108 0.9400288421806862 22.60665129055863 7.590757756563246
0 35 -713.2320580254135 504.9086395892254 227.94383912421387 7.590757756563246
0 33 -21.235935863475117 13.06915448855308 773.5916635239479 7.590757756563246
0 23 49.109832973784656 -12.640022488505272 -1.2252049888953511 7.590757756563246
0 53 -999.4241658561541 318.70996902214017 -15.5826057943345 7.590757756563246
0 64 -2.5628882227176892 -945.2298901146783 -28.88497319389854 7.590757756563246
0 68 -794.2158526165467 971.2929944878241 -4.320239474094062 8.569244282727924
0 91 -33.198349733709065 -833.5642922905702 365.9200381520001 13.574783555507278
0 77 -129.64001593677744 422.66135490141073 -4.770309936439416 7.590757756563246
0 18 996.8689121118641 -728.6266793649934 -77.96667573281333 7.590757756563246
0 28 -7.7234423728556125 -158.4440447793482 -44.73523746317199 7.590757756563246
0 3 45.58299975133145 942.8131962839249 990.8263371683942 7.590757756563246
0 71 -410.1895126917134 -577.195002030279 -127.67485470644141 7.590757756563246
0 43 -604.6208100002785 986.9376187392776 1.2594804302571774 7.590757756563246
0 19 0.851502225327558 62.73122179617208 -136.698098626648 14.880133121303347
0 33 -21.235935863475117 75.34603322150939 -936.5653298008534 10.806214668952332
0 62 -825.9174545246304 116.35480280870391 -5.392487787384601 7.590757756563246
0 50 -375.7690908036154 -214.89623398220536 2.338695981575381 7.590757756563246
0 32 -19.938120477799508 -7.543665223869093 -69.10452185137724 7.590757756563246
0 83 -857.5601128072285 118.18606065666415 201.0011912257319 7.590757756563246
0 57 641.1803884299546 2.022500939627794 16.629517500476222 7.590757756563246
0 51 43.90074450206735 37.68422233693188 -686.4802812546851 7.590757756563246
0 24 -66.14513077327851 -229.4253034145985 -379.74473575448815 7.590757756563246
0 90 -998.4012793176064 48.207446518278985 -55.82863079806684 7.590757756563246
0 45 -1.3677010696468141 992.7446701311568 -958.7146692973223 7.590757756563246
0 29 -800.2876927684249 -989.7840960410764 779.8384903098691 7.590757756563246
0 43 -22.141446933953734 -265.2442975810008 -311.48627584740706 13.191648767371674
0 42 47.761471503386794 -198.29806528683955 -6.7802919932163705 7.590757756563246
0 1 -290.3860599821371 -393.8171969648831 -87.7204697797924 7.590757756563246
0 91 565.7959502087073 822.0502307884929 693.2057374295781 7.590757756563246
0 16 -2.278029544741524 -5.262475277863783 972.1705762005414 7.590757756563246
0 49 -19.938120477799508 -496.0259122853027 -112.75772621284011 7.590757756563246
0 25 -3.533819435182103 -140.85842092104502 195.6201628880189 7.590757756563246
0 61 999.9928889141728 -996.5641383500792 -47.31894929129495 7.590757756563246
0 10 916.1125964258483 948.7653437782487 868.1628211005483 14.556113733220704
0 41 991.3267206852584 -476.21058786196096 -779.8384903098691 7.590757756563246
0 26 74.06261133144415 -441.659524634296 10.43597820660384 7.590757756563246
0 73 -657.1098993375276 917.5534501605714 50.95689951502169 43.857813225980074
0 24 -862.9004051039246 -999.8862286946681 -4.889275670489784 7.590757756563246
0 3 11.68689545931768 802.2991162227089 -4.653974106725131 7.590757756563246
0 56 -998.6071930793637 -270.1613245720147 765.1879586307416 7.590757756563246
0 75 634.3368787863758 377.7543693530608 -239.97310019457993 7.590757756563246
0 31 37.68422233693188 201.0011912257319 -4.949760932660852 7.590757756563246
0 48 2.161008118920224 227.94383912421387 -702.1358013529799 7.590757756563246
0 89 -3.3162727984168034 62.73122179617208 -52.37982516238848 7.590757756563246
0 58 50.48979713720773 861.1288698679906 -529.5432457641605 7.590757756563246
0 11 109.24698965842845 -145.11233518231327 -846.6532959054675 7.590757756563246
0 87 12.924699464628308 999.5449924362415 -0.8395075306304852 58.02774332518012
0 17 666.1810638304398 634.3368787863758 -120.97422437429556 7.590757756563246
0 24 -561.2437364432349 -170.21826089762084 -1.3490871355946945 7.590757756563246
0 55 -796.2459876941389 30.065287858438076 556.6964775929704 7.590757756563246
0 82 -10.317692786624779 -59.99781637867151 -389.77182398660045 7.590757756563246
0 41 -8.286062069684728 -706.5835832436754 -23.08031680358867 7.590757756563246
0 4 -42.27095333841711 205.10324801516558 -1.6996916198818586 7.590757756563246
0 75 878.4467393499314 -180.0800548534357 -166.6218434923668 7.590757756563246
0 90 148.3647102945415 8.988639490917539 212.06655580335135 7.590757756563246
0 65 34.52740999501849 33.52645519660903 -68.50418474278179 7.590757756563246
0 61 999.4241658561541 7.195339330425371 -3.3587789534123043 11.348295749103563
0 72 -802.2991162227089 -958.7146692973223 -30.977442520485074 7.590757756563246
0 60 -126.70077040725849 25.062063262558762 -4.711816494050464 7.590757756563246
0 54 126.70077040725849 224.99994727499248 82.72872111457924 7.590757756563246
0 68 -16.09858337489415 -873.3455346669559 983.7494877128364 33.18303285529391
0 58 -602.3335002146362 -352.35299549206127 34.86666722521059 7.590757756563246
0 33 54.8246153863306 5.661261994216657 397.8819204512047 7.590757756563246
0 81 917.5534501605714 554.424854922545 18.511919733740925 7.590757756563246
0 39 4.889275670489784 -24.80656083224224 -1.54622933335889 7.590757756563246
0 4 -536.3077559634779 -4.320239474094062 2.6304672741941992 16.100610287741244
0 63 -333.4361120646482 152.78445967628664 5.870721275738481 7.590757756563246
0 24 -730.8112942200039 -18.511919733740925 273.4704305986858 7.590757756563246
0 32 -13.06915448855308 949.9197441694743 -19.315557022103427 7.590757756563246
0 47 810.2802438338863 192.9674460196037 136.698098626648 12.006085658670344
0 96 -855.7630278609373 56.33631078231322 -93.71517862659043 7.590757756563246
0 5 -13.966256466258136 -995.2044245556931 -226.46872015779306 7.590757756563246
0 95 992.2859075169348 -848.49158563416 389.77182398660045 7.590757756563246
0 43 56.33631078231322 -2.9174188765497693 238.44726335528773 11.722194970590166
0 25 95.26325532781016 -12.499777379850377 22.372999101651434 36.12991385184243
0 3 -3.86026114192844 214.89623398220536 -956.5899589013445 7.590757756563246
0 98 657.1098993375276 -2.1326285479854796 -704.361190291616 7.590757756563246
0 52 -4.428988723962282 25.319837207990012 5.327122794344104 12.105494125252488
0 39 999.9715559600949 34.52740999501849 -798.2699588486049 11.84037286249571
0 89 132.6304692499388 342.8250188502703 -1.3307076049324877 7.590757756563246
0 60 -25.579898662140085 117.2676910361409 835.4573328954519 7.590757756563246
0 70 -176.33545369813584 20.362822964222726 399.9214560176737 7.590757756563246
0 78 21.235935863475117 -800.2876927684249 -681.9844346830919 9.850603447439463
0 39 -999.2891416684733 445.92621504025493 -976.3620799825358 7.590757756563246
0 41 54.8246153863306 891.637952973717 -420.5716404319162 10.422495834316312
0 21 -223.53752096066137 -876.7555049996674 24.80656083224224 7.590757756563246
0 30 165.43529769141935 0.9139008748235841 996.8689121118641 7.590757756563246
0 12 -986.9376187392776 -1.312559803454191 2.369581841049828 7.590757756563246
0 47 123.81231552928406 206.48324662862507 2.596476358143996 8.425605838585847
0 53 975.5500845689226 454.50607459880683 699.907489092922 7.590757756563246
0 38 841.0905124570711 885.1184706626796 -36.60580500547935 7.590757756563246
0 51 -128.65459806589402 -3.6244220261688502 -185.1599725422472 7.590757756563246
0 88 30.366747207470357 -381.74016005188844 214.89623398220536 16.04181965485693
0 54 1.1119233671076443 -219.18832219177096 -604.6208100002785 7.590757756563246
0 18 250.83096824381025 1.1592291739045903 -35.55369780545818 7.590757756563246
0 28 158.4440447793482 -134.65275493009034 458.818558506137 7.590757756563246
0 28 1.6544712993476167 17.175763288966696 -258.7756580487236 7.590757756563246
0 78 -995.9123771664724 -808.2947927848106 25.842263684898327 7.590757756563246
0 32 -491.6013716539818 -9.413598369701631 -26.373969005790613 7.590757756563246
0 78 -825.9174545246304 648.0147777126521 -951.0620228537789 7.590757756563246
0 61 45.58299975133145 316.8952504287921 -66.14513077327851 7.590757756563246
0 60 -7.455192985020814 -509.36600988695477 478.3998239016003 7.590757756563246
0 32 58.93223166367471 -3.1916823744048095 56.84779886790731 7.590757756563246
0 75 98.41975058105766 -754.5700885060243 -246.13970444460566 10.615671052956676
0 89 648.0147777126521 3.86026114192844 439.53213627762307 7.590757756563246
0 86 6.386914442892987 7.63307882003053 -1.7460485771277545 7.590757756563246
0 29 -713.2320580254135 652.5650544526599 983.7494877128364 7.590757756563246
0 44 82.03452275491516 17.548611580106492 -54.8246153863306 7.590757756563246
0 44 -450.2085115909504 -2.529698606736524 -3.764298419796463 8.520267897528411
0 47 12.223416547493667 -116.35480280870391 -29.17625749321697 7.590757756563246
0 58 987.534348026621 627.4860886037158 -140.85842092104502 7.590757756563246
0 2 -611.4828045012746 -547.6187203369318 -21.684582002169485 68.98892341463831
0 26 -502.6838789237793 157.30007376080368 300.82818234159834 9.61620314748372
0 89 -760.9554650536204 -1.8177714612722895 -30.670793026394055 7.590757756563246
0 54 1.5673403964135 -848.49158563416 600.0463093799681 7.590757756563246
0 25 0 -95.26325532781016 6.6999149650828 48.47700282274225
0 37 -57.88227919830123 441.659524634296 -1.1754074277772093 7.590757756563246
0 48 -340.93601982656935 340.93601982656935 -14.120946734206072 7.590757756563246
0 21 -1.4056429791920164 20.149496066678882 -597.759301978483 7.590757756563246
0 15 373.78892968843036 1.0226315735879894 39.16389509898706 7.590757756563246
0 72 14.120946734206072 -0.8884485862954093 226.46872015779306 7.590757756563246
0 93 258.7756580487236 932.6773107156195 2.1326285479854796 7.590757756563246
0 30 121.91468553354511 -6.310751931681087 975.5500845689226 7.590757756563246
0 66 -441.659524634296 -883.4646494182202 -1.3307076049324877 7.590757756563246
0 21 3.2742580014738065 -11.045703194934003 -3.3587789534123043 7.590757756563246
0 11 975.5500845689226 -19.728681708524682 -4.213920717801252 7.590757756563246
0 71 883.4646494182202 -4.829460842092108 -7.281038485951703 8.274194398904442
0 48 -896.4251825701497 -602.3335002146362 117.2676910361409 7.590757756563246
0 96 -951.0620228537789 -3.4892965973760797 -3.670512429851574 7.590757756563246
0 83 -213.47822450958293 996.8689121118641 -132.6304692499388 7.590757756563246
0 44 509.36600988695477 3.3587789534123043 385.7460606403828 43.220019359630044
0 72 -750.2896102405062 992.2859075169348 -250.83096824381025 7.590757756563246
0 31 908.7483088389946 163.0805365210318 -24.80656083224224 8.856184615380162
0 30 0.9139008748235841 1.0370361974177806 -888.3975009004357 7.590757756563246
0 84 -654.838190604198 -697.676326071031 375.7690908036154 7.590757756563246
0 96 8.481601422625094 64.99069903390969 -136.698098626648 7.590757756563246
0 44 2.0768939849623913 886.7627759875546 75.99443909989155 7.590757756563246
0 43 311.48627584740706 6.943654131535945 49.56628350491174 7.590757756563246
0 83 -554.424854922545 83.42760743445314 -13.51112609505664 7.590757756563246
0 16 -113.64885792618341 35.20875715719892 153.90434591069092 9.268945768446944
0 77 12.223416547493667 3.4892965973760797 -401.9657293201844 7.590757756563246
0 15 165.43529769141935 478.3998239016003 5.525397988803933 7.590757756563246
0 10 348.5253035300462 -1.7460485771277545 -2.369581841049828 7.590757756563246
0 19 -7.455192985020814 6.6999149650828 -34.19096750703116 7.590757756563246
0 53 -999.9715559600949 -1.3307076049324877 178.82564466308554 7.590757756563246
0 75 -1.9176238366825302 -935.2808275727068 -7.907054051593435 7.590757756563246
0 66 997.9469991838506 979.4775125029315 574.9133184905472 7.590757756563246
0 43 3.6244220261688502 -527.2924240430485 -927.3337203922216 12.189499355325557
0 12 318.70996902214017 -75.99443909989155 -981.6740012799432 9.020497443561448
0 94 75.99443909989155 -103.30758853268729 9.19892688703109 7.590757756563246
0 32 -994.4404009802407 98.41975058105766 120.97422437429556 7.590757756563246
0 31 -69.10452185137724 996.8689121118641 329.72011818024174 7.590757756563246
0 27 972.1705762005414 496.0259122853027 -50.48979713720773 28.565225731366432
0 75 190.33987291724583 -7.543665223869093 876.7555049996674 17.002667577433503
0 96 1.312559803454191 3.4892965973760797 6.235408959199237 7.590757756563246
0 16 -0.9668487904938663 258.7756580487236 252.40732909668918 7.590757756563246
0 60 973.8865656978076 73.42755537378615 -0.9400288421806862 7.590757756563246
0 45 -26.915082966282117 -293.8425759183997 387.7564751485895 7.590757756563246
0 50 735.1688258500303 -579.4774994705258 -16.27388215925175 7.590757756563246
0 64 129.64001593677744 2.6304672741941992 144.04003459862287 7.590757756563246
0 24 373.78892968843036 941.5870800105151 0.8884485862954093 7.590757756563246
0 62 153.90434591069092 50.95689951502169 5.870721275738481 7.590757756563246
0 48 137.72945349572973 752.4321560893032 13.06915448855308 7.590757756563246
0 53 -50.48979713720773 115.44737916895656 31.59862165738462 7.590757756563246
0 52 -913.1987092372023 690.9664563673877 -2.9174188765497693 7.590757756563246
0 86 146.19053929797596 -22.842418751462056 127.67485470644141 7.590757756563246
0 78 -816.1962549287508 -957.6585348384118 -609.1955272463401 7.590757756563246
0 97 -16.99195790766509 914.6609966899894 -956.5899589013445 7.590757756563246
0 69 -719.8509436510202 -507.13603386966753 -422.66135490141073 7.590757756563246
0 1 136.698098626648 936.5653298008534 866.4174484761254 7.590757756563246
0 90 -561.2437364432349 493.8121980333462 -504.9086395892254 7.590757756563246
0 87 -18.315638888734178 -57.88227919830123 -681.9844346830919 7.590757756563246
0 6 536.3077559634779 779.8384903098691 -4.5402171192708884 7.590757756563246
0 25 -6.235408959199237 -17.36131001139517 22.372999101651434 12.71033387204871
0 62 -923.20825232214 0.9139008748235841 -999.9360020479563 7.590757756563246
0 69 -1.1119233671076443 -3.1511115984444413 2.1326285479854796 7.590757756563246
0 91 951.0620228537789 531.7961120574406 82.03452275491516 16.66672927076582
0 40 -12.640022488505272 19.728681708524682 309.69506989145333 7.590757756563246
0 74 463.14561190811463 -19.52116533968904 10.798111729492911 7.590757756563246
0 85 -4.711816494050464 -10.676177255050533 100.02846890658438 11.45048809303989
0 8 -49.109832973784656 -22.372999101651434 921.8109580406331 7.590757756563246
0 19 -18.511919733740925 132.6304692499388 816.1962549287508 7.590757756563246
0 10 -1.3490871355946945 -794.2158526165467 7.814764542788238 9.93702397469808
0 9 -61.07919366574694 255.5789283045947 886.7627759875546 7.590757756563246
0 77 -476.21058786196096 -44.31634192345261 -35.55369780545818 7.590757756563246
0 16 -13.215036089234836 -241.50526617973327 -616.0568689412488 7.590757756563246
0 66 -2.369581841049828 991.8132510152211 233.9077564742394 7.590757756563246
0 73 456.6604732660792 -373.78892968843036 480.5922891615545 7.590757756563246
0 18 -967.6529509092971 177.57744693888586 25.319837207990012 7.590757756563246
0 50 -10.43597820660384 -590.9000213823455 -20.362822964222726 7.590757756563246
0 79 13.6613582108263 138.7666161100298 -699.907489092922 7.590757756563246
0 72 2.022500939627794 -202.36222385925777 -210.66122595497157 7.590757756563246
0 4 -986.9376187392776 14.594128334927582 86.99304455988062 7.590757756563246
0 34 -47.761471503386794 -520.5527766530543 -556.6964775929704 7.590757756563246
0 26 -27.46573640660345 257.17415497249834 574.9133184905472 7.590757756563246
0 83 6.6203966096800455 2.308179870224725 -29.17625749321697 14.850261575251457
0 45 311.48627584740706 1.3490871355946945 -216.3205858710134 7.590757756563246
0 9 -9.969969264836589 -104.97828310605358 677.479489830122 7.590757756563246
0 44 480.5922891615545 905.7290213482602 690.9664563673877 7.590757756563246
0 84 -150.5626503528486 670.7062616015608 -379.74473575448815 7.590757756563246
0 11 -22.842418751462056 -55.32473897360948 816.1962549287508 7.590757756563246
0 24 261.99746667571577 71.54876741731277 -937.8382579082851 7.590757756563246
0 72 2.770545321721722 377.7543693530608 -12.360912534818452 7.590757756563246
0 23 260.38343092302904 27.18920903337749 -431.0632514918189 7.590757756563246
0 61 -39.16389509898706 311.48627584740706 311.48627584740706 7.590757756563246
0 48 -6.310751931681087 988.6867043496658 -996.5641383500792 7.590757756563246
0 77 344.7195813979866 117.2676910361409 686.4802812546851 7.590757756563246
0 84 -203.72957489957471 27.46573640660345 288.6669210716085 7.590757756563246
0 62 12.499777379850377 342.8250188502703 337.174803697257 7.590757756563246
0 27 -29.76639783489453 -513.8334979265298 -859.3487496595466 7.590757756563246
0 94 2.308179870224725 902.6684120809421 -983.0711531542596 7.590757756563246
0 90 977.160853759817 185.1599725422472 850.3217731846602 46.86135042679039
0 52 -19.315557022103427 -38.78944478017243 340.93601982656935 7.590757756563246
0 53 -456.6604732660792 14.9172983285519 1.5253809282306867 44.13146252130127
0 34 -0.901091276243778 -268.5160891601168 -741.6747720933412 7.590757756563246
0 36 206.48324662862507 171.42935867518335 543.089157748656 7.590757756563246
0 82 -244.58857205385542 -9.413598369701631 0 7.590757756563246
0 83 -4.596776417277874 -448.0654336401469 27.46573640660345 7.590757756563246
0 93 121.91468553354511 702.1358013529799 159.59406557404165 7.590757756563246
0 36 8.782659613062226 -2.8066154157060765 -728.6266793649934 14.466876824492632
0 19 864.6632872643253 545.3531144098193 999.9360020479563 7.590757756563246
0 47 758.8318170069904 163.0805365210318 -522.7971347785556 7.590757756563246
0 72 23.806948722728997 -0.9533512863967404 -41.87155987524904 7.590757756563246
0 37 -14.120946734206072 107.5236512006549 169.01331540606608 26.842982189057008
0 22 3.2327295249379806 -534.0509674038435 -157.30007376080368 7.590757756563246
0 86 -955.508985746464 -1.1917945159929293 -111.87199087002818 11.367277211298902
0 51 493.8121980333462 -11.952485865746999 902.6684120809421 7.590757756563246
0 43 -222.08144142659623 28.309891851995868 979.4775125029315 7.590757756563246
0 7 23.806948722728997 -29.470060053676185 -297.3233204924443 12.562583497419467
0 79 463.14561190811463 983.7494877128364 -118.18606065666415 7.590757756563246
0 52 -1.0370361974177806 1.1917945159929293 -157.30007376080368 7.590757756563246
0 69 848.49158563416 -949.9197441694743 -5.198538358669418 7.590757756563246
0 37 -6.463904204136543 13.215036089234836 558.9694578472678 7.590757756563246
0 72 55.82863079806684 24.302306875338452 504.9086395892254 7.590757756563246
0 37 8.681261346550277 5.327122794344104 -1.4643822793155628 7.590757756563246
0 86 369.8440762230432 460.9802862108336 648.0147777126521 7.590757756563246
0 43 -904.2038516083165 -1.0084126906655186 236.92775868212178 7.590757756563246
0 58 102.48005229376876 -89.18981349138066 1.0226315735879894 111.27276492364416
0 32 518.3106819320484 176.33545369813584 -876.7555049996674 7.590757756563246
0 1 904.2038516083165 480.5922891615545 -704.361190291616 7.590757756563246
0 49 581.7607489775495 14.434870394819859 -976.3620799825358 7.590757756563246
0 15 17.737681570776694 -40.305634738076094 604.6208100002785 7.590757756563246
0 10 -584.044688441383 949.9197441694743 -648.0147777126521 8.44120976803719
0 93 -945.2298901146783 -509.36600988695477 -2.308179870224725 7.590757756563246
0 58 1.127489524231561 226.46872015779306 -297.3233204924443 7.590757756563246
0 94 -377.7543693530608 748.1425249526778 -49.56628350491174 7.590757756563246
0 78 711.0190900224698 -3.2742580014738065 3.1916823744048095 7.590757756563246
0 54 1.0370361974177806 6.943654131535945 -5.327122794344104 7.590757756563246
0 43 652.5650544526599 -928.6865527072594 752.4321560893032 7.590757756563246
0 18 -773.5916635239479 -26.373969005790613 -389.77182398660045 7.590757756563246
0 29 19.52116533968904 -273.4704305986858 7.110547741134667 7.590757756563246
0 53 1.5887170989426074 756.7033334839755 484.98671616135607 7.590757756563246
0 35 110.11664002540041 1.2769488241700675 -837.3427636725575 7.590757756563246
0 28 2.369581841049828 -973.8865656978076 172.6466179407732 7.590757756563246
0 57 -18.511919733740925 2.9174188765497693 1.6996916198818586 7.590757756563246
0 67 -147.27466002701013 20.362822964222726 -894.8393168143698 7.590757756563246
0 13 -985.703184122443 -2.8431146752924623 8.681261346550277 7.590757756563246
0 47 600.0463093799681 940.3491843351686 6.014221018388912 7.590757756563246
0 44 412.25695599332846 -102.48005229376876 89.93177065421145 7.590757756563246
0 98 -48.207446518278985 -304.3570446471063 -952.192132744021 7.590757756563246
0 57 401.9657293201844 255.5789283045947 663.9157633354736 7.590757756563246
0 85 -110.11664002540041 -21.459239080080405 574.9133184905472 7.590757756563246
0 91 -304.3570446471063 -7.63307882003053 -395.84715632419505 7.590757756563246
0 74 878.4467393499314 28.88497319389854 -127.67485470644141 9.19967542527468
0 25 767.2966561297998 792.1796270036092 -3.032208642742899 7.590757756563246
0 39 945.2298901146783 -1.54622933335889 -1.1917945159929293 27.991055085321644
0 88 -196.95596343181847 -695.4423847375438 -1.54622933335889 7.590757756563246
0 98 177.57744693888586 827.8402225841537 2.278029544741524 7.590757756563246
0 33 552.1546487790696 487.1885814259298 -763.0742036013361 7.590757756563246
0 9 1.5253809282306867 1.2422333328900226 850.3217731846602 7.590757756563246
0 40 339.0526072544422 4.213920717801252 10.92128351271731 7.590757756563246
0 46 153.90434591069092 181.34068528269756 -955.508985746464 7.590757756563246
0 77 -100.84051081148758 -2.8066154157060765 554.424854922545 10.032072992982506
0 24 -540.8269077696117 -249.26090717663968 -261.99746667571577 8.99192644395195
0 18 -31.913186011702205 342.8250188502703 -3.9090726340391586 7.590757756563246
0 45 273.4704305986858 283.546132426396 107.5236512006549 7.590757756563246
0 66 379.74473575448815 -999.9715559600949 377.7543693530608 7.590757756563246
0 10 -570.3526390519357 -30.977442520485074 484.98671616135607 7.590757756563246
0 54 -74.70209728664068 -32.55035151639342 -261.99746667571577 18.21148684933591
0 34 422.66135490141073 -43.07936739995334 -760.9554650536204 10.760167316325626
0 7 -222.08144142659623 131.62793639275085 33.198349733709065 7.590757756563246
0 72 574.9133184905472 -7.195339330425371 -327.87068545408124 7.590757756563246
0 21 72.79690941452945 -6.54172898421464 29.17625749321697 7.590757756563246
0 40 -804.3041560655722 855.7630278609373 260.38343092302904 7.590757756563246
0 21 -51.42759183381907 -437.408774169447 -77.96667573281333 7.590757756563246
0 3 993.6204363791489 -788.0891980779462 39.54139776878859 7.590757756563246
0 24 2.596476358143996 11.426556546234506 -186.4455573889486 40.71373641379317
0 26 -7.907054051593435 -104.14032608861311 719.8509436510202 7.590757756563246
0 85 7.543665223869093 72.79690941452945 107.5236512006549 7.590757756563246
0 97 954.4156601130591 -984.4142896745818 79.9798585250244 7.590757756563246
0 49 2.0768939849623913 661.6487556483444 -70.93123130751714 7.590757756563246
0 22 38.41802822851844 205.10324801516558 12.924699464628308 7.590757756563246
0 68 -10.200602983146439 -0.9139008748235841 -5.730319446408162 7.590757756563246
0 40 -531.7961120574406 -130.63112364567263 -130.63112364567263 7.590757756563246
0 24 657.1098993375276 120.97422437429556 -1.6996916198818586 7.590757756563246
0 22 2.2188105832201925 937.8382579082851 -12.781659335531986 7.590757756563246
0 38 -959.7583184997327 5.9420802290793375 -422.66135490141073 9.625205610330246
0 34 -75.34603322150939 309.69506989145333 -3.6244220261688502 7.590757756563246
0 81 145.11233518231327 722.0503220091856 1.5253809282306867 7.590757756563246
0 39 806.3027392405158 -6.463904204136543 636.6189481297823 7.590757756563246
0 2 -2.596476358143996 122.86071053170186 783.9752893789288 7.590757756563246
0 89 -983.0711531542596 -0.8759708202690937 -1.769661292086738 93.83224630993851
0 83 7.7234423728556125 -947.5988692272321 -629.7703814010031 26.82714227350246
0 33 -602.3335002146362 476.21058786196096 -949.9197441694743 7.590757756563246
0 38 276.8043211015564 148.3647102945415 957.6585348384118 7.590757756563246
0 11 -433.1742915316544 -930.0281314285266 -570.3526390519357 18.159463923791975
0 86 945.2298901146783 2.596476358143996 2.596476358143996 7.590757756563246
0 78 -418.4863060425645 -24.80656083224224 -771.4985825509513 7.590757756563246
0 68 -946.4203685202788 -164.25486542272122 -808.2947927848106 20.49274539015802
0 29 14.120946734206072 -946.4203685202788 463.14561190811463 7.590757756563246
0 83 735.1688258500303 344.7195813979866 -893.2435526149937 7.590757756563246
0 55 732.9920342764964 -713.2320580254135 502.6838789237793 7.590757756563246
0 39 -311.48627584740706 1.2769488241700675 19.938120477799508 7.590757756563246
0 85 918.9834999767215 -0.901091276243778 77.96667573281333 7.590757756563246
0 82 0.901091276243778 224.99994727499248 -3.764298419796463 11.227984794198962
0 71 -1.2422333328900226 -0.9139008748235841 861.1288698679906 7.590757756563246
0 47 8.481601422625094 -103.30758853268729 53.34665512571475 7.590757756563246
0 12 239.97310019457993 629.7703814010031 -827.8402225841537 7.590757756563246
0 7 976.3620799825358 -463.14561190811463 151.6705651954234 7.590757756563246
0 90 -27.74468160279172 563.5192538416999 -207.86957391480766 7.590757756563246
0 90 -726.4382633412403 -9.632731539373252 6.6999149650828 7.590757756563246
0 85 105.82147765205328 -572.6325104064184 -280.16291660533943 17.390839388611617
0 67 39.54139776878859 868.1628211005483 -86.99304455988062 9.832482704815304
0 63 -16.99195790766509 1.3490871355946945 16.27388215925175 7.590757756563246
0 10 711.0190900224698 -114.5454032102006 484.98671616135607 14.01872933799728
0 6 -2.5628882227176892 -989.2422826105027 -977.160853759817 7.590757756563246
0 44 -918.9834999767215 15.413876388157313 754.5700885060243 7.590757756563246
0 99 -952.192132744021 -899.5669683012784 50.48979713720773 7.590757756563246
0 39 -2.529698606736524 -959.7583184997327 -24.553313989951988 8.312107875158691
0 63 -3.071379577801739 -209.26223279897872 56.33631078231322 11.908257808962725
0 26 972.1705762005414 19.111842476630912 693.2057374295781 12.980024376183588
0 50 166.6218434923668 -20.57811572929784 839.2205137581299 7.590757756563246
0 76 70.93123130751714 -9.743995790735125 14.75493349655341 18.27356267456955
0 78 -7.281038485951703 -422.66135490141073 558.9694578472678 7.590757756563246
0 1 -35.20875715719892 83.42760743445314 26.373969005790613 7.590757756563246
0 8 969.4988407689909 917.5534501605714 4.829460842092108 7.590757756563246
0 22 -30.065287858438076 588.614387433212 117.2676910361409 7.590757756563246
0 92 16.450855816945793 -138.7666161100298 536.3077559634779 7.590757756563246
0 57 33.85732185702312 827.8402225841537 -344.7195813979866 7.590757756563246
0 2 213.47822450958293 213.47822450958293 -41.87155987524904 7.590757756563246
0 10 -19.52116533968904 454.50607459880683 14.434870394819859 7.590757756563246
0 73 890.022581198703 -7.63307882003053 -704.361190291616 7.590757756563246
0 44 -978.7186027575909 -930.0281314285266 593.1860941356141 7.590757756563246
0 75 -588.614387433212 -933.984803609425 783.9752893789288 16.63636240585032
0 23 -28.02606120295602 -25.842263684898327 4.320239474094062 12.857281625260486
0 94 -4.596776417277874 -1.610362451769495 -47.761471503386794 11.886526250846298
0 88 504.9086395892254 194.29065878548815 994.8294137390491 7.590757756563246
0 76 -869.8993377374348 -970.4024035943565 -924.5945147602107 7.590757756563246
0 70 790.1373843150038 -19.52116533968904 203.72957489957471 7.590757756563246
0 95 -36.962329743855506 -636.6189481297823 12.781659335531986 7.590757756563246
0 73 -175.09965675011335 507.13603386966753 -140.85842092104502 7.590757756563246
0 92 -194.29065878548815 891.637952973717 50.95689951502169 7.590757756563246
0 95 -924.5945147602107 -144.04003459862287 249.26090717663968 7.590757756563246
0 37 -489.39348296254406 735.1688258500303 -11.952485865746999 7.590757756563246
0 69 -113.64885792618341 -4.320239474094062 -3.717136081449266 7.590757756563246
0 21 -185.1599725422472 -62.73122179617208 -157.30007376080368 9.3466592363784
0 63 -280.16291660533943 283.546132426396 -223.53752096066137 7.590757756563246
0 15 42.27095333841711 56.84779886790731 122.86071053170186 7.590757756563246
0 13 -89.93177065421145 -63.28996808605583 88.45271963742024 7.590757756563246
0 25 -243.0437580002738 316.8952504287921 917.5534501605714 14.517432392557204
0 90 704.361190291616 16.99195790766509 -5.392487787384601 7.590757756563246
0 53 -904.2038516083165 -866.4174484761254 15.5826057943345 7.590757756563246
0 14 -28.88497319389854 333.4361120646482 360.07349661292585 7.590757756563246
0 46 2.6996746857236125 -5.592957225076169 -326.0269895175762 7.590757756563246
0 62 850.3217731846602 445.92621504025493 -779.8384903098691 7.590757756563246
0 7 563.5192538416999 -16.99195790766509 99.22155499886324 7.590757756563246
0 34 986.9376187392776 448.0654336401469 2.8431146752924623 7.590757756563246
0 83 24.302306875338452 590.9000213823455 -236.92775868212178 31.680750555435687
0 13 717.6480580164288 -861.1288698679906 942.8131962839249 7.590757756563246
0 26 -285.24694505730514 109.24698965842845 -622.9157512983055 9.166523908876625
0 65 326.0269895175762 -6.943654131535945 5.525397988803933 7.590757756563246
0 98 -14.75493349655341 433.1742915316544 -399.9214560176737 7.590757756563246
0 35 16.629517500476222 -1.8670833384757517 -978.7186027575909 7.590757756563246
0 86 977.9463723541749 790.1373843150038 -529.5432457641605 26.856962669883714
0 61 -531.7961120574406 -22.372999101651434 -641.1803884299546 7.590757756563246
0 21 -1.5673403964135 2.1897342027843503 997.4361811008567 7.590757756563246
0 20 697.676326071031 6.310751931681087 352.35299549206127 7.590757756563246
0 48 227.94383912421387 -67.31623906333888 412.25695599332846 10.672456148462498
0 3 -445.92621504025493 -7.195339330425371 899.5669683012784 7.590757756563246
0 97 -79.30421493407943 100.02846890658438 232.40726354412496 7.590757756563246
0 84 -50.48979713720773 841.0905124570711 -32.23042346341634 7.590757756563246
0 27 -10.92128351271731 -180.0800548534357 754.5700885060243 7.590757756563246
0 45 -450.2085115909504 -980.2230696662222 -622.9157512983055 29.38723080013047
0 69 -516.0709045040755 -255.5789283045947 2.8431146752924623 7.590757756563246
0 35 -52.37982516238848 953.3100272162797 6.943654131535945 13.470187968680268
0 58 -3.071379577801739 -969.4988407689909 1.2769488241700675 7.590757756563246
0 36 -24.053523695007314 -465.3144907628399 326.0269895175762 7.590757756563246
0 24 933.984803609425 99.22155499886324 914.6609966899894 7.590757756563246
0 53 4.889275670489784 -352.35299549206127 -3.6244220261688502 7.590757756563246
0 39 574.9133184905472 -993.1895193821675 -1.1432573369999999 7.590757756563246
0 73 820.1059188159096 -864.6632872643253 140.85842092104502 7.590757756563246
0 46 6.160877871397614 -142.97362431112603 -62.73122179617208 7.590757756563246
0 52 13.362356017876554 63.28996808605583 -4.266779294178442 7.590757756563246
0 79 79.9798585250244 93.71517862659043 820.1059188159096 7.590757756563246
0 27 74.06261133144415 -916.1125964258483 -8.988639490917539 7.590757756563246
0 91 978.7186027575909 -996.2452888444491 -281.8514524735917 7.590757756563246
0 63 -329.72011818024174 -10.555469566198799 -25.579898662140085 33.2770154712489
0 35 810.2802438338863 22.60665129055863 -960.7894391523232 7.590757756563246
0 85 -58.93223166367471 -4.484289956747011 -4.428988723962282 7.590757756563246
0 14 316.8952504287921 2.4324788360277174 -92.18701439882877 7.590757756563246
0 33 690.9664563673877 -30.366747207470357 -165.43529769141935 7.590757756563246
0 65 -214.89623398220536 956.5899589013445 -4.37430726511824 7.590757756563246
0 37 -367.87944117144235 57.88227919830123 100.02846890658438 7.590757756563246
0 80 -1.9957983941858564 -980.2230696662222 9.522602353145167 7.590757756563246
0 46 44.73523746317199 -431.0632514918189 -979.4775125029315 7.590757756563246
0 29 161.9123006342367 4.5402171192708884 -482.78793593514763 7.590757756563246
0 82 -452.3554062477682 -955.508985746464 210.66122595497157 7.590757756563246
0 55 3.4017815476128406 -666.1810638304398 112.75772621284011 7.590757756563246
0 13 9.093239987790309 -57.36311501438888 -350.43641543204484 7.590757756563246
0 49 -1.3307076049324877 998.4012793176064 -56.84779886790731 7.590757756563246
0 96 -22.60665129055863 -679.7330638036425 106.6699277145385 7.590757756563246
0 16 -122.86071053170186 998.181211559503 40.305634738076094 7.590757756563246
0 32 -684.2335310269239 -9.093239987790309 -13.813064324802642 7.590757756563246
0 3 975.5500845689226 -257.17415497249834 932.6773107156195 42.01803905088478
0 80 -2.6648652705639053 10.200602983146439 239.97310019457993 7.590757756563246
0 77 -35.901507238855096 -120.97422437429556 4.5402171192708884 11.683678856231174
0 9 -185.1599725422472 352.35299549206127 96.04480818860846 7.590757756563246
0 29 7.7234423728556125 -371.8139152163396 -504.9086395892254 7.590757756563246
0 35 14.75493349655341 -818.1545694682427 -11.819028702566058 7.590757756563246
0 56 4.428988723962282 825.9174545246304 0.9943773677036081 7.590757756563246
0 53 -49.109832973784656 -9.969969264836589 69.70912859446432 7.590757756563246
0 73 -14.9172983285519 -6.54172898421464 391.79207532635536 7.590757756563246
0 33 -6.087151071227349 433.1742915316544 907.2438605592797 7.590757756563246
0 37 15.924946381880734 -72.17065343881134 18.710037936154336 8.022576594342699
0 38 1.9694203856614445 -985.703184122443 4.320239474094062 10.795267923449531
0 25 -954.4156601130591 172.6466179407732 -19.728681708524682 17.454079900393626
0 6 786.0351418828395 -806.3027392405158 558.9694578472678 15.647763174401344
0 76 -973.8865656978076 19.52116533968904 -657.1098993375276 13.385610013678402
0 40 -25.842263684898327 500.46180341114035 463.14561190811463 7.590757756563246
0 84 -986.3272221679593 70.31802505495924 -50.48979713720773 7.590757756563246
0 45 -620.6298407314331 196.95596343181847 -2.2188105832201925 7.590757756563246
0 56 2.6648652705639053 -645.7377755699547 -75.34603322150939 7.590757756563246
0 84 46.01190502384213 -10.555469566198799 -777.7616912984204 7.590757756563246
0 48 383.74061191526187 62.17652402211629 958.7146692973223 7.590757756563246
0 89 -693.2057374295781 581.7607489775495 0.901091276243778 7.590757756563246
0 17 990.312121686621 190.33987291724583 -980.9552428688856 7.590757756563246
0 7 -3.1110122883359086 -140.85842092104502 -520.5527766530543 7.590757756563246
0 80 -1.1432573369999999 708.8029074422434 35.20875715719892 7.590757756563246
0 3 -37.68422233693188 422.66135490141073 24.80656083224224 7.590757756563246
0 93 -26.373969005790613 -2.2482410790933085 493.8121980333462 8.153307772541657
0 23 22.141446933953734 -101.65769915153494 -8.88511585758133 7.590757756563246
0 25 -625.2011895423117 5.262475277863783 96.04480818860846 37.796597201254635
0 90 -993.1895193821675 890.022581198703 6.087151071227349 7.590757756563246
0 78 300.82818234159834 908.7483088389946 837.3427636725575 7.590757756563246
0 18 -48.207446518278985 -410.1895126917134 -14.27714729748175 7.590757756563246
0 75 -925.9696893289636 98.41975058105766 -29.470060053676185 7.590757756563246
0 67 176.33545369813584 997.1595971547114 -198.29806528683955 7.590757756563246
0 18 -66.14513077327851 151.6705651954234 -3.2327295249379806 7.590757756563246
0 30 299.0727439304821 27.74468160279172 410.1895126917134 10.668341892345099
0 35 -876.7555049996674 -969.4988407689909 0 7.590757756563246
0 65 990.8263371683942 -1.0084126906655186 25.579898662140085 7.590757756563246
0 89 8.580911710940288 1.0965565212749606 -758.8318170069904 7.590757756563246
0 39 -663.9157633354736 -885.1184706626796 -686.4802812546851 7.590757756563246
0 25 -19.52116533968904 835.4573328954519 518.3106819320484 7.590757756563246
0 27 -165.43529769141935 0.9805234463178063 554.424854922545 7.590757756563246
0 33 -613.769940301775 -95.26325532781016 4.320239474094062 7.590757756563246
0 54 756.7033334839755 -15.5826057943345 960.7894391523232 7.590757756563246
0 66 -939.0995599320125 978.7186027575909 -34.19096750703116 9.213694426138584
0 51 -253.9899843473379 802.2991162227089 -78.63316061216977 7.590757756563246
0 70 -3.4892965973760797 -216.3205858710134 -428.956398679073 7.590757756563246
0 19 45.15745032486091 609.1955272463401 46.01190502384213 7.590757756563246
0 76 -1.3677010696468141 648.0147777126521 -121.91468553354511 13.66147353119016
0 28 5.592957225076169 944.0274829178356 108.3826659350967 7.590757756563246
0 31 -5.198538358669418 -866.4174484761254 -14.120946734206072 7.590757756563246
0 56 273.4704305986858 3.2742580014738065 990.312121686621 45.67104010516534
0 76 -781.9097142699641 885.1184706626796 6.7802919932163705 7.590757756563246
0 40 -2.9552330119597228 159.59406557404165 5.392487787384601 7.590757756563246
0 32 -78.63316061216977 173.87004769799444 258.7756580487236 7.590757756563246
0 66 -558.9694578472678 -954.4156601130591 -108.3826659350967 7.590757756563246
0 9 31.59862165738462 634.3368787863758 -13.813064324802642 7.590757756563246
0 81 362.0170387115832 -873.3455346669559 595.4725422392698 7.590757756563246
0 61 -110.11664002540041 44.31634192345261 480.5922891615545 11.83064110263016
0 27 572.6325104064184 437.408774169447 984.4142896745818 7.590757756563246
0 71 -307.90978509655105 -88.45271963742024 -92.94861694870342 7.590757756563246
0 91 861.1288698679906 -5.8001367867944715 131.62793639275085 7.590757756563246
0 27 288.6669210716085 -5.730319446408162 4.109984589477007 7.590757756563246
0 41 -498.24246424735344 -27.46573640660345 63.85278298795806 7.590757756563246
0 24 58.93223166367471 898.0010871912419 77.96667573281333 7.590757756563246
0 13 -35.901507238855096 -309.69506989145333 14.27714729748175 7.590757756563246
0 39 149.46070286752578 -75.99443909989155 -504.9086395892254 7.590757756563246
0 20 -0.9668487904938663 -54.32824013352512 141.91309093155598 19.498120576136465
0 67 719.8509436510202 -638.9001407258727 -212.06655580335135 7.590757756563246
0 9 304.3570446471063 -278.4805358984724 -478.3998239016003 7.590757756563246
0 30 40.305634738076094 119.1099283726136 -42.6735495142731 7.590757756563246
0 22 -960.7894391523232 850.3217731846602 -898.0010871912419 7.590757756563246
0 3 39.16389509898706 -1.312559803454191 -227.94383912421387 7.590757756563246
0 37 -335.3026313549239 -484.98671616135607 -236.92775868212178 20.211107259555632
0 24 -306.1304379639632 121.91468553354511 -350.43641543204484 7.590757756563246
0 86 -7.195339330425371 708.8029074422434 -295.5799264584372 7.590757756563246
0 61 -207.86957391480766 31.913186011702205 75.34603322150939 7.590757756563246
0 2 -92.94861694870342 187.73739812226955 728.6266793649934 9.281960969407642
0 28 913.1987092372023 966.7107009560688 -529.5432457641605 7.590757756563246
0 63 -69.10452185137724 112.75772621284011 -574.9133184905472 7.590757756563246
0 3 123.81231552928406 -9.856405034858733 1.5673403964135 7.590757756563246
0 19 6.160877871397614 124.76951657309542 1.6544712993476167 7.590757756563246
0 10 -15.413876388157313 -2.104591741312798 -536.3077559634779 7.590757756563246
0 87 6.386914442892987 -586.3292554782831 28.02606120295602 7.590757756563246
0 74 -89.93177065421145 977.9463723541749 967.6529509092971 7.590757756563246
0 65 668.4445867635698 -40.69240644482895 309.69506989145333 7.590757756563246
0 78 -987.534348026621 13.06915448855308 0.901091276243778 7.590757756563246
0 85 595.4725422392698 -837.3427636725575 -249.26090717663968 7.590757756563246
0 16 -46.44418546135818 -50.95689951502169 -65.56584038833385 7.590757756563246
0 28 55.82863079806684 217.75128156524426 -31.286712955518144 7.590757756563246
0 9 -1.8422755163328952 144.04003459862287 -74.70209728664068 7.590757756563246
0 61 191.65051925295782 22.141446933953734 971.2929944878241 7.590757756563246
0 75 745.9909742010481 2.278029544741524 -739.5102685613598 7.590757756563246
0 50 -43.07936739995334 500.46180341114035 -100.84051081148758 7.590757756563246
0 14 -808.2947927848106 -972.1705762005414 -11.819028702566058 7.590757756563246
0 24 -19.938120477799508 -63.85278298795806 -465.3144907628399 7.590757756563246
0 1 947.5988692272321 -1.1754074277772093 -226.46872015779306 7.590757756563246
0 18 -482.78793593514763 -133.63873715907997 -833.5642922905702 7.590757756563246
0 47 -458.818558506137 -916.1125964258483 15.413876388157313 7.590757756563246
0 22 182.60754351177692 730.8112942200039 981.6740012799432 7.590757756563246
0 55 4.320239474094062 -190.33987291724583 970.4024035943565 7.590757756563246
0 43 -393.8171969648831 -53.34665512571475 748.1425249526778 77.5437334732309
0 13 -953.3100272162797 -2.496903287281165 0.8759708202690937 7.590757756563246
0 75 -936.5653298008534 -10.798111729492911 -13.966256466258136 7.590757756563246
0 37 -106.6699277145385 295.5799264584372 424.75541162654577 7.590757756563246
0 1 -115.44737916895656 -84.13120135482838 -165.43529769141935 7.590757756563246
0 8 -5.661261994216657 12.781659335531986 -997.9469991838506 7.590757756563246
0 88 -949.9197441694743 82.03452275491516 625.2011895423117 7.590757756563246
0 24 84.13120135482838 -788.0891980779462 6.087151071227349 7.590757756563246
0 19 904.2038516083165 -0.9668487904938663 -675.2237840615702 7.590757756563246
0 35 -120.03931078151147 165.43529769141935 -144.04003459862287 31.527778793048316
0 67 -977.160853759817 850.3217731846602 -70.31802505495924 7.590757756563246
0 74 113.64885792618341 227.94383912421387 -379.74473575448815 7.590757756563246
0 30 17.548611580106492 -837.3427636725575 -1.312559803454191 7.590757756563246
0 95 487.1885814259298 19.938120477799508 -520.5527766530543 7.590757756563246
0 11 132.6304692499388 994.4404009802407 147.27466002701013 7.590757756563246
0 78 -43.90074450206735 -108.3826659350967 -41.082305315877704 7.590757756563246
0 74 -326.0269895175762 25.062063262558762 74.70209728664068 7.590757756563246
0 92 -404.01470628013897 -29.76639783489453 -999.744032765204 7.590757756563246
0 45 -654.838190604198 104.14032608861311 273.4704305986858 7.590757756563246
0 85 -362.0170387115832 3.764298419796463 18.910007494257073 7.590757756563246
0 56 -971.2929944878241 -829.7556658693529 -538.5664215774289 7.590757756563246
0 36 -369.8440762230432 450.2085115909504 1.0965565212749606 7.590757756563246
0 62 -121.91468553354511 570.3526390519357 209.26223279897872 7.590757756563246
0 75 -414.3289269335416 -1.0084126906655186 -13.362356017876554 7.590757756563246
0 37 -320.53052101554124 5.661261994216657 -285.24694505730514 7.590757756563246
0 60 -93.71517862659043 23.320360834443544 56.84779886790731 7.590757756563246
0 41 210.66122595497157 -650.2905603833145 -108.3826659350967 7.590757756563246
0 62 10.084698539409285 371.8139152163396 -994.8294137390491 7.590757756563246
0 27 3.670512429851574 967.6529509092971 520.5527766530543 7.590757756563246
0 9 -96.83139584924346 -92.18701439882877 996.2452888444491 7.590757756563246
0 53 -13.215036089234836 39.92197142180668 -249.26090717663968 25.32157051212776
0 83 -12.223416547493667 1.9957983941858564 -28.88497319389854 7.590757756563246
0 7 293.8425759183997 -989.7840960410764 -534.0509674038435 10.205133668837789
0 98 -0.9139008748235841 -861.1288698679906 -285.24694505730514 7.590757756563246
0 44 -997.9469991838506 -192.9674460196037 14.594128334927582 10.248181621565804
0 28 -999.744032765204 401.9657293201844 11.171381433530824 7.590757756563246
0 47 -422.66135490141073 2.104591741312798 318.70996902214017 7.590757756563246
0 29 -278.4805358984724 86.99304455988062 27.46573640660345 7.590757756563246
0 74 -387.7564751485895 1.2946410835854767 790.1373843150038 46.97898722714798
0 37 4.949760932660852 -15.413876388157313 -227.94383912421387 7.590757756563246
0 75 -996.8689121118641 -1.8670833384757517 9.969969264836589 7.590757756563246
0 27 89.93177065421145 -1.9957983941858564 108.3826659350967 7.590757756563246
0 95 129.64001593677744 1.7460485771277545 -1.2769488241700675 7.590757756563246
0 11 165.43529769141935 885.1184706626796 6.943654131535945 7.590757756563246
0 63 -463.14561190811463 659.3801109716563 -918.9834999767215 7.590757756563246
0 62 145.11233518231327 160.750147225271 75.34603322150939 7.590757756563246
0 15 -34.52740999501849 -70.31802505495924 74.06261133144415 7.590757756563246
0 85 -14.75493349655341 -769.4002220980692 -16.09858337489415 7.590757756563246
0 38 496.0259122853027 134.65275493009034 -6.6203966096800455 16.304197593423968
0 41 -914.6609966899894 2.8431146752924623 998.4012793176064 7.590757756563246
0 26 -128.65459806589402 295.5799264584372 -42.6735495142731 7.590757756563246
0 22 8.481601422625094 960.7894391523232 888.3975009004357 7.590757756563246
0 36 663.9157633354736 989.2422826105027 18.315638888734178 7.590757756563246
0 24 2.4644980794349483 -7.907054051593435 1.3865521081411516 7.590757756563246
0 74 -945.2298901146783 8.481601422625094 -5.730319446408162 7.590757756563246
0 31 -4.213920717801252 -1.312559803454191 -62.17652402211629 7.590757756563246
0 52 107.5236512006549 670.7062616015608 1.4643822793155628 7.590757756563246
0 80 -223.53752096066137 536.3077559634779 302.5896209526439 7.590757756563246
0 63 -15.924946381880734 -0.8159878350721482 -373.78892968843036 8.509814886356908
0 65 -110.99163460325528 -916.1125964258483 4.889275670489784 7.590757756563246
0 39 796.2459876941389 -69.70912859446432 35.20875715719892 7.590757756563246
0 80 395.84715632419505 588.614387433212 249.26090717663968 7.590757756563246
0 42 -10.200602983146439 -489.39348296254406 -4.653974106725131 7.590757756563246
0 46 1.0370361974177806 113.64885792618341 11.426556546234506 7.590757756563246
0 99 18.511919733740925 -37.32179607662303 511.59851542405266 7.590757756563246
0 55 -820.1059188159096 125.7323295944279 -804.3041560655722 7.590757756563246
0 39 -59.46305997430319 -46.87986041980215 969.4988407689909 7.590757756563246
0 77 46.01190502384213 -726.4382633412403 -4.213920717801252 7.590757756563246
0 76 883.4646494182202 -894.8393168143698 -5.525397988803933 23.680541268221287
0 52 7.455192985020814 820.1059188159096 -183.8806368878095 7.590757756563246
0 96 -549.8859178043717 250.83096824381025 -253.9899843473379 7.590757756563246
0 72 574.9133184905472 -120.03931078151147 973.0351120050419 7.590757756563246
0 46 -794.2158526165467 -3.6244220261688502 -586.3292554782831 7.590757756563246
0 17 -463.14561190811463 -2.770545321721722 -9.19892688703109 7.590757756563246
0 6 -7.907054051593435 -996.8689121118641 147.27466002701013 7.590757756563246
0 84 478.3998239016003 -68.50418474278179 -2.338695981575381 7.590757756563246
0 97 956.5899589013445 -199.64647308648514 911.7257927145712 7.590757756563246
0 19 -362.0170387115832 -74.06261133144415 -27.46573640660345 7.590757756563246
0 56 869.8993377374348 -177.57744693888586 124.76951657309542 7.590757756563246
0 50 504.9086395892254 130.63112364567263 -12.499777379850377 7.590757756563246
0 16 -991.8132510152211 -4.0083840011806995 85.55259037720494 17.81140782944058
0 91 -2.308179870224725 -888.3975009004357 -935.2808275727068 7.590757756563246
0 72 110.99163460325528 4.596776417277874 767.2966561297998 10.15655917986053
0 53 -49.56628350491174 1.4643822793155628 7.543665223869093 7.590757756563246
0 23 -166.6218434923668 -79.9798585250244 -53.34665512571475 7.590757756563246
0 15 -2.8431146752924623 -11.045703194934003 3.3587789534123043 7.590757756563246
0 18 -955.508985746464 -74.70209728664068 769.4002220980692 12.496649296631066
0 64 -4.653974106725131 11.819028702566058 697.676326071031 7.590757756563246
0 38 606.9081740042766 -62.17652402211629 47.31894929129495 7.590757756563246
0 2 987.534348026621 908.7483088389946 -24.553313989951988 7.590757756563246
0 58 185.1599725422472 -96.04480818860846 173.87004769799444 71.33993748911635
0 1 -191.65051925295782 -4.428988723962282 861.1288698679906 8.055218722940362
0 22 -79.9798585250244 924.5945147602107 12.223416547493667 7.590757756563246
0 75 23.562566299640974 -657.1098993375276 7.7234423728556125 7.590757756563246
0 18 -84.83952248007219 -8.000319682583328 650.2905603833145 7.590757756563246
0 11 233.9077564742394 -5.135305210884407 -890.022581198703 7.590757756563246
0 41 -224.99994727499248 -339.0526072544422 -94.48671843701092 7.590757756563246
0 83 -7.907054051593435 49.56628350491174 -404.01470628013897 7.590757756563246
0 77 997.6986521707419 -6.463904204136543 -1.6322794952194584 7.590757756563246
0 68 693.2057374295781 -422.66135490141073 43.48842603527776 7.590757756563246
0 68 -169.01331540606608 6.7802919932163705 -283.546132426396 9.943201274204688
0 73 924.5945147602107 -2.278029544741524 -38.41802822851844 7.590757756563246
0 7 -311.48627584740706 -13.06915448855308 37.32179607662303 7.590757756563246
0 17 39.92197142180668 -739.5102685613598 480.5922891615545 7.590757756563246
0 45 -373.78892968843036 -70.93123130751714 -1.2422333328900226 7.590757756563246
0 23 -253.9899843473379 -47.761471503386794 -529.5432457641605 7.590757756563246
0 34 -38.41802822851844 -86.99304455988062 1.9957983941858564 7.590757756563246
0 90 708.8029074422434 -1.3677010696468141 -153.90434591069092 7.590757756563246
0 13 -4.829460842092108 387.7564751485895 -127.67485470644141 7.590757756563246
0 40 12.08727808067372 0.9943773677036081 -995.5654174830928 7.590757756563246
0 33 72.17065343881134 10.317692786624779 -936.5653298008534 16.998275632701375
0 27 -989.7840960410764 -454.50607459880683 -100.02846890658438 7.590757756563246
0 53 -276.8043211015564 50.026265018240935 -958.7146692973223 7.590757756563246
0 46 868.1628211005483 -36.60580500547935 -170.21826089762084 7.590757756563246
0 21 45.58299975133145 0.8395075306304852 765.1879586307416 7.590757756563246
0 29 816.1962549287508 -913.1987092372023 681.9844346830919 7.590757756563246
0 97 661.6487556483444 3.3587789534123043 -46.01190502384213 8.789956384148537
0 61 -975.5500845689226 152.78445967628664 -6.6203966096800455 7.590757756563246
0 12 -235.41458890681233 -6.943654131535945 -16.99195790766509 7.590757756563246
0 57 -252.40732909668918 140.85842092104502 -1.4249764381924648 7.590757756563246
0 54 -842.9526892473448 606.9081740042766 1.9433633700689128 7.590757756563246
0 17 -39.54139776878859 0.901091276243778 -223.53752096066137 7.590757756563246
0 80 837.3427636725575 956.5899589013445 -15.924946381880734 7.590757756563246
0 73 309.69506989145333 58.93223166367471 -586.3292554782831 7.590757756563246
0 54 1.1592291739045903 -16.99195790766509 -37.68422233693188 7.590757756563246
0 90 450.2085115909504 693.2057374295781 -212.06655580335135 7.590757756563246
0 72 41.082305315877704 371.8139152163396 -743.835031938882 7.590757756563246
0 57 -80.66011118390196 369.8440762230432 -5.135305210884407 7.590757756563246
0 34 -18.12118147319815 -3.717136081449266 -8.681261346550277 7.590757756563246
0 68 120.97422437429556 -41.47535017098918 33.198349733709065 7.590757756563246
0 64 -1.676940964167717 -6.087151071227349 173.87004769799444 7.590757756563246
0 20 600.0463093799681 -74.06261133144415 -167.8145128020078 7.590757756563246
0 25 -14.120946734206072 17.548611580106492 -650.2905603833145 7.590757756563246
0 62 760.9554650536204 14.75493349655341 -230.91311199273648 12.001924793945621
0 42 875.055081391187 216.3205858710134 12.223416547493667 8.16869252302819
0 83 173.87004769799444 3.1916823744048095 85.55259037720494 7.590757756563246
0 17 -8.88511585758133 311.48627584740706 -85.55259037720494 7.590757756563246
0 66 -7.907054051593435 3.9090726340391586 958.7146692973223 7.590757756563246
0 6 -180.0800548534357 -810.2802438338863 6.463904204136543 7.590757756563246
0 8 -522.7971347785556 -931.358402111352 -876.7555049996674 7.590757756563246
0 84 -24.80656083224224 -98.41975058105766 -125.7323295944279 7.590757756563246
0 77 0.8884485862954093 586.3292554782831 -928.6865527072594 7.590757756563246
0 70 -15.7529581687075 -70.93123130751714 35.55369780545818 7.590757756563246
0 28 -1.676940964167717 320.53052101554124 999.822238023755 7.590757756563246
0 28 -937.8382579082851 75.34603322150939 115.44737916895656 7.590757756563246
0 17 1.3677010696468141 -253.9899843473379 -577.195002030279 7.590757756563246
0 16 -399.9214560176737 -2.161008118920224 -1.8422755163328952 7.590757756563246
0 23 -67.90809717870945 2.99349470097412 625.2011895423117 7.590757756563246
0 90 750.2896102405062 127.67485470644141 375.7690908036154 7.590757756563246
0 36 728.6266793649934 -971.2929944878241 -971.2929944878241 7.590757756563246
0 20 1.1754074277772093 315.0863834917491 -796.2459876941389 7.590757756563246
0 25 -315.0863834917491 820.1059188159096 15.246757149973432 7.590757756563246
0 83 428.956398679073 -869.8993377374348 999.5449924362415 7.590757756563246
0 27 83.42760743445314 8.383321261286595 -346.61968417726035 7.590757756563246
0 39 -232.40726354412496 11.298328953228783 -38.78944478017243 8.423159058731523
0 83 988.6867043496658 43.48842603527776 928.6865527072594 7.590757756563246
0 28 -102.48005229376876 959.7583184997327 489.39348296254406 7.590757756563246
0 76 3.5788594772146167 15.5826057943345 798.2699588486049 7.590757756563246
0 65 -1.08138666631775 165.43529769141935 -993.1895193821675 7.590757756563246
0 86 465.3144907628399 232.40726354412496 -786.0351418828395 7.590757756563246
0 18 -266.87707733323145 3.86026114192844 -117.2676910361409 7.590757756563246
0 79 -923.20825232214 65.56584038833385 -37.68422233693188 7.590757756563246
0 99 -147.27466002701013 -985.0655309782087 -273.4704305986858 7.590757756563246
0 27 354.27501895138374 16.450855816945793 -7.281038485951703 7.590757756563246
0 69 408.12663298226846 333.4361120646482 -10.43597820660384 7.590757756563246
0 24 52.86140567330129 98.41975058105766 -230.91311199273648 7.590757756563246
0 49 10.317692786624779 -996.8689121118641 572.6325104064184 7.590757756563246
0 51 -348.5253035300462 561.2437364432349 -5.198538358669418 7.590757756563246
0 17 8.681261346550277 -55.82863079806684 -1.4445552680320377 7.590757756563246
0 84 -593.1860941356141 -239.97310019457993 -629.7703814010031 7.590757756563246
0 77 61.07919366574694 -249.26090717663968 -50.95689951502169 7.590757756563246
0 35 -2.596476358143996 -147.27466002701013 5.010923191446682 7.590757756563246
0 79 -570.3526390519357 672.9660176509437 186.4455573889486 7.590757756563246
0 43 2.6648652705639053 -4.109984589477007 469.6627267937703 7.590757756563246
0 43 -11.68689545931768 -102.48005229376876 -80.66011118390196 7.590757756563246
0 16 627.4860886037158 987.534348026621 -55.82863079806684 19.254846932928235
0 24 -629.7703814010031 -898.0010871912419 -3.670512429851574 7.590757756563246
0 66 837.3427636725575 -63.85278298795806 -4.770309936439416 10.183860888467098
0 71 273.4704305986858 30.670793026394055 250.83096824381025 13.877000932185895
0 58 -855.7630278609373 391.79207532635536 -990.312121686621 7.590757756563246
0 49 -0.9943773677036081 2.9174188765497693 -918.9834999767215 7.590757756563246
0 97 43.07936739995334 -4.653974106725131 21.235935863475117 7.590757756563246
0 20 -961.8079884497893 126.70077040725849 -116.35480280870391 7.590757756563246
0 91 -1.9694203856614445 -78.63316061216977 54.8246153863306 7.590757756563246
0 4 -911.7257927145712 15.413876388157313 -2.529698606736524 7.590757756563246
0 38 -51.90189380380539 -266.87707733323145 -875.055081391187 7.590757756563246
0 91 21.014657445975995 9.969969264836589 -948.7653437782487 11.03887138076079
0 47 -232.40726354412496 -56.33631078231322 993.1895193821675 7.590757756563246
0 10 947.5988692272321 -9.413598369701631 538.5664215774289 7.590757756563246
0 70 1.6544712993476167 -214.89623398220536 632.0540006338927 7.590757756563246
0 93 -21.684582002169485 -1.9957983941858564 -16.809880432864844 7.590757756563246
0 23 604.6208100002785 57.88227919830123 -800.2876927684249 9.425636067054747
0 68 183.8806368878095 34.19096750703116 3.1511115984444413 7.590757756563246
0 73 574.9133184905472 2.9552330119597228 -4.829460842092108 7.590757756563246
0 21 1.6996916198818586 2.7348998971773133 697.676326071031 7.590757756563246
0 65 -937.8382579082851 -23.320360834443544 -996.8689121118641 23.30071404319094
0 65 -410.1895126917134 522.7971347785556 905.7290213482602 29.106258452842177
0 53 975.5500845689226 775.6793910769313 -84.13120135482838 7.590757756563246
0 55 -352.35299549206127 -6.014221018388912 107.5236512006549 7.590757756563246
0 56 103.30758853268729 212.06655580335135 -3.3587789534123043 7.590757756563246
0 89 1.8422755163328952 9.743995790735125 -79.30421493407943 7.590757756563246
0 57 54.32824013352512 13.362356017876554 790.1373843150038 7.590757756563246
0 41 -3.3162727984168034 957.6585348384118 -873.3455346669559 7.590757756563246
0 7 999.4241658561541 500.46180341114035 -93.71517862659043 7.590757756563246
0 93 -552.1546487790696 161.9123006342367 730.8112942200039 7.590757756563246
0 58 786.0351418828395 13.06915448855308 -748.1425249526778 7.590757756563246
0 25 7.367653564999376 -243.0437580002738 -11.298328953228783 7.590757756563246
0 10 -504.9086395892254 -859.3487496595466 -49.56628350491174 7.590757756563246
0 75 52.86140567330129 -43.90074450206735 307.90978509655105 7.590757756563246
0 68 -31.286712955518144 293.8425759183997 8.988639490917539 7.590757756563246
0 78 -41.082305315877704 -688.7246136506345 -999.822238023755 19.354326264269325
0 84 -219.18832219177096 -100.02846890658438 -51.90189380380539 7.590757756563246
0 51 158.4440447793482 131.62793639275085 14.594128334927582 7.590757756563246
0 34 -69.10452185137724 -39.54139776878859 315.0863834917491 7.590757756563246
0 50 363.9658948831255 26.915082966282117 1.484460310582977 7.590757756563246
0 30 -7.110547741134667 0.9400288421806862 50.026265018240935 7.590757756563246
0 58 265.2442975810008 973.0351120050419 20.149496066678882 7.590757756563246
0 78 -802.2991162227089 75.34603322150939 -86.27042457446771 7.590757756563246
0 21 3.86026114192844 258.7756580487236 7.0266554207250245 7.590757756563246
0 89 -5.661261994216657 -12.781659335531986 250.83096824381025 7.590757756563246
0 35 999.9928889141728 -754.5700885060243 137.72945349572973 7.590757756563246
0 62 -999.9715559600949 -300.82818234159834 5.010923191446682 7.590757756563246
0 27 41.47535017098918 212.06655580335135 -297.3233204924443 7.590757756563246
0 39 30.366747207470357 -999.4241658561541 1.0370361974177806 7.590757756563246
0 63 496.0259122853027 5.072769061766942 41.87155987524904 7.590757756563246
0 28 584.044688441383 6.861535695362683 -335.3026313549239 8.73238218477708
0 19 -121.91468553354511 -2.161008118920224 -6.014221018388912 7.590757756563246
0 3 -1.8177714612722895 995.5654174830928 45.15745032486091 10.55869476171312
0 67 -8.189814753444566 -6.54172898421464 -458.818558506137 7.590757756563246
0 76 -96.83139584924346 -205.10324801516558 -120.03931078151147 7.590757756563246
0 71 -645.7377755699547 203.72957489957471 -38.049626909191666 7.590757756563246
0 44 258.7756580487236 -96.04480818860846 358.13529519195157 7.590757756563246
0 19 30.366747207470357 552.1546487790696 -32.55035151639342 7.590757756563246
0 95 883.4646494182202 -6.7802919932163705 16.629517500476222 28.74904114488519
0 76 86.99304455988062 1.5253809282306867 -5.135305210884407 7.590757756563246
0 47 -39.92197142180668 7.907054051593435 2.529698606736524 7.590757756563246
0 23 -806.3027392405158 -12.781659335531986 999.4241658561541 7.590757756563246
0 67 23.562566299640974 -112.75772621284011 -15.081235349944116 9.958739339882953
0 91 983.0711531542596 -949.9197441694743 3.5788594772146167 7.590757756563246
0 34 1.0516287658571344 898.0010871912419 568.0737654177344 7.590757756563246
0 66 634.3368787863758 4.058895265679153 -672.9660176509437 7.590757756563246
0 9 -888.3975009004357 681.9844346830919 -1.610362451769495 7.590757756563246
0 14 393.8171969648831 -936.5653298008534 -4.266779294178442 7.590757756563246
0 36 -10.43597820660384 1.2594804302571774 -40.69240644482895 7.590757756563246
0 76 -657.1098993375276 -67.31623906333888 -106.6699277145385 7.590757756563246
0 42 690.9664563673877 445.92621504025493 -192.9674460196037 7.590757756563246
0 5 -315.0863834917491 -99.22155499886324 2.278029544741524 7.590757756563246
0 70 120.03931078151147 371.8139152163396 -333.4361120646482 7.590757756563246
0 94 66.14513077327851 2.5628882227176892 2.104591741312798 7.590757756563246
0 24 15.5826057943345 70.31802505495924 602.3335002146362 7.590757756563246
0 4 -999.6516162552707 -2.8066154157060765 -19.938120477799508 7.590757756563246
0 77 5.327122794344104 -2.9174188765497693 -50.026265018240935 7.590757756563246
0 92 988.6867043496658 297.3233204924443 72.17065343881134 7.590757756563246
0 22 959.7583184997327 38.41802822851844 786.0351418828395 7.590757756563246
0 59 973.8865656978076 -3.533819435182103 1.4249764381924648 10.097439530985461
0 40 -21.684582002169485 297.3233204924443 -198.29806528683955 7.590757756563246
0 98 -63.28996808605583 -181.34068528269756 20.57811572929784 7.590757756563246
0 29 4.0083840011806995 169.01331540606608 998.9765241090889 7.590757756563246
0 38 -996.8689121118641 64.99069903390969 18.12118147319815 7.590757756563246
0 63 998.9765241090889 -217.75128156524426 -10.92128351271731 8.634493607215965
0 5 -994.8294137390491 496.0259122853027 39.16389509898706 7.590757756563246
0 53 -991.3267206852584 995.5654174830928 516.0709045040755 7.590757756563246
0 42 -201.0011912257319 825.9174545246304 -408.12663298226846 7.590757756563246
0 5 -2.7348998971773133 -876.7555049996674 -62.17652402211629 14.132722533181292
0 26 875.055081391187 -6.463904204136543 -0.8395075306304852 7.590757756563246
0 95 602.3335002146362 213.47822450958293 16.27388215925175 7.590757756563246
0 99 226.46872015779306 191.65051925295782 19.315557022103427 7.590757756563246
0 26 -360.07349661292585 344.7195813979866 540.8269077696117 7.590757756563246
0 14 1.5887170989426074 165.43529769141935 -337.174803697257 7.590757756563246
0 78 -467.48687757763474 802.2991162227089 -118.18606065666415 7.590757756563246
0 25 786.0351418828395 947.5988692272321 831.66371288592 7.590757756563246
0 93 -1.2946410835854767 -1.1592291739045903 -16.629517500476222 7.590757756563246
0 30 1.6996916198818586 -420.5716404319162 -43.48842603527776 7.590757756563246
0 53 11.045703194934003 961.8079884497893 91.43035191730954 8.47099040800598
0 6 25.062063262558762 -688.7246136506345 -4.596776417277874 7.590757756563246
0 28 837.3427636725575 -40.305634738076094 49.56628350491174 7.590757756563246
0 60 202.36222385925777 1.3307076049324877 84.13120135482838 7.590757756563246
0 52 -210.66122595497157 -977.9463723541749 21.235935863475117 7.590757756563246
0 43 -36.252203580148276 18.12118147319815 -15.246757149973432 7.590757756563246
0 36 -38.049626909191666 -299.0727439304821 702.1358013529799 7.590757756563246
0 7 -11.68689545931768 -12.499777379850377 -690.9664563673877 42.340337952760486
0 89 775.6793910769313 -110.11664002540041 -939.0995599320125 7.590757756563246
0 9 82.72872111457924 -969.4988407689909 -574.9133184905472 13.035321280832749
0 69 -925.9696893289636 -981.6740012799432 -728.6266793649934 7.590757756563246
0 79 13.215036089234836 5.9420802290793375 -925.9696893289636 7.590757756563246
0 53 -109.24698965842845 5.8001367867944715 -22.372999101651434 7.590757756563246
0 72 -29.76639783489453 -4.770309936439416 -552.1546487790696 7.590757756563246
0 61 424.75541162654577 -62.17652402211629 -109.24698965842845 7.590757756563246
0 43 23.08031680358867 35.55369780545818 -50.95689951502169 7.590757756563246
0 32 -0.9139008748235841 816.1962549287508 -25.062063262558762 7.590757756563246
0 3 190.33987291724583 34.86666722521059 20.79538899048429 7.590757756563246
0 52 -340.93601982656935 986.9376187392776 -126.70077040725849 7.590757756563246
0 30 6.54172898421464 2.0495315994753476 -536.3077559634779 7.590757756563246
0 33 -629.7703814010031 25.842263684898327 -4.653974106725131 7.590757756563246
0 91 -252.40732909668918 1.2769488241700675 302.5896209526439 7.590757756563246
0 43 -80.66011118390196 10.084698539409285 822.0502307884929 7.590757756563246
