# 		ID		CurrentAges[MYr]		X[pc]		Y[pc]		Z[pc]		mass[Msun]		t_sim[Myr], z, ctr(code), ctr(pc)<built-in function empty> <built-in function empty> <built-in function empty> <built-in function empty> <built-in function empty> 7.766855921855922
0 96 50.026265018240935 775.6793910769313 335.3026313549239 7.766855921855922
0 66 18.910007494257073 -108.3826659350967 -104.97828310605358 7.766855921855922
0 11 -15.081235349944116 41.87155987524904 -4.653974106725131 7.766855921855922
0 13 -927.3337203922216 -4.653974106725131 -22.141446933953734 7.766855921855922
0 57 636.6189481297823 2.0768939849623913 18.710037936154336 10.109919853507865
0 29 316.8952504287921 -68.50418474278179 -73.42755537378615 7.766855921855922
0 76 16.450855816945793 988.1173847877349 -1.3677010696468141 7.766855921855922
0 67 -183.8806368878095 26.64334175295623 645.7377755699547 7.766855921855922
0 77 -967.6529509092971 -876.7555049996674 498.24246424735344 7.766855921855922
0 32 1.7460485771277545 1.4445552680320377 67.90809717870945 7.766855921855922
0 21 672.9660176509437 -186.4455573889486 -161.9123006342367 44.36186465795426
0 78 964.7877875405851 -35.20875715719892 92.18701439882877 7.766855921855922
0 92 13.06915448855308 -999.9360020479563 471.84199249207455 7.766855921855922
0 79 -976.3620799825358 -864.6632872643253 36.962329743855506 7.766855921855922
0 71 -452.3554062477682 -92.18701439882877 -618.3435244766652 7.766855921855922
0 91 16.629517500476222 2.6304672741941992 -902.6684120809421 7.766855921855922
0 64 -518.3106819320484 -907.2438605592797 1.4643822793155628 7.766855921855922
0 93 101.65769915153494 -590.9000213823455 -846.6532959054675 7.766855921855922
0 26 487.1885814259298 -266.87707733323145 -119.1099283726136 8.472049975584415
0 55 -3.9090726340391586 -169.01331540606608 14.120946734206072 7.766855921855922
0 43 -9.743995790735125 769.4002220980692 -30.670793026394055 7.766855921855922
0 93 45.58299975133145 26.64334175295623 -20.57811572929784 78.6161950692406
0 10 -722.0503220091856 14.75493349655341 970.4024035943565 7.766855921855922
0 6 339.0526072544422 -42.6735495142731 207.86957391480766 7.766855921855922
0 80 999.744032765204 350.43641543204484 -910.2423061281431 7.766855921855922
0 5 2.99349470097412 905.7290213482602 337.174803697257 7.766855921855922
0 71 971.2929944878241 439.53213627762307 994.4404009802407 7.766855921855922
0 75 -963.8072042159419 -217.75128156524426 229.4253034145985 7.766855921855922
0 36 -29.470060053676185 724.2461197198362 -525.0437020905116 7.766855921855922
0 53 991.3267206852584 932.6773107156195 -648.0147777126521 7.766855921855922
0 61 0.9268793878004573 999.9928889141728 -859.3487496595466 7.766855921855922
0 87 -63.85278298795806 -962.8139240778031 14.594128334927582 7.766855921855922
0 90 45.58299975133145 -9.743995790735125 3.2327295249379806 10.44212334272986
0 48 1.9694203856614445 1.0516287658571344 -880.1287185639057 7.766855921855922
0 97 11.952485865746999 86.99304455988062 706.5835832436754 7.766855921855922
0 64 -3.812004929644161 484.98671616135607 -995.2044245556931 7.766855921855922
0 53 918.9834999767215 66.14513077327851 -489.39348296254406 7.766855921855922
0 58 -677.479489830122 2.278029544741524 804.3041560655722 7.766855921855922
0 7 -320.53052101554124 -491.6013716539818 -460.9802862108336 7.766855921855922
0 36 -406.068352443785 -920.4026883275066 940.3491843351686 7.766855921855922
0 12 -23.562566299640974 -381.74016005188844 554.424854922545 7.766855921855922
0 17 84.13120135482838 898.0010871912419 998.6071930793637 18.608181260174288
0 9 -3.1511115984444413 -116.35480280870391 -7.367653564999376 7.766855921855922
0 69 728.6266793649934 -352.35299549206127 3.95844503008868 7.766855921855922
0 42 428.956398679073 586.3292554782831 -213.47822450958293 7.766855921855922
0 71 -2.0495315994753476 448.0654336401469 -1.3490871355946945 7.766855921855922
0 6 77.3047404432997 5.392487787384601 806.3027392405158 7.766855921855922
0 54 23.806948722728997 -6.014221018388912 9.522602353145167 7.766855921855922
0 51 395.84715632419505 -831.66371288592 -7.0266554207250245 7.766855921855922
0 33 241.50526617973327 -668.4445867635698 -852.1437889662113 7.766855921855922
0 43 -412.25695599332846 335.3026313549239 -808.2947927848106 7.766855921855922
0 50 -324.1890504064601 132.6304692499388 60.5365209233276 7.766855921855922
0 20 -4.428988723962282 996.2452888444491 229.4253034145985 7.766855921855922
0 78 -82.72872111457924 46.01190502384213 -534.0509674038435 7.766855921855922
0 78 999.4241658561541 -61.07919366574694 4.058895265679153 35.28637360730384
0 53 -11.171381433530824 -706.5835832436754 3.2742580014738065 7.766855921855922
0 59 -2.40084144738032 -252.40732909668918 -478.3998239016003 24.63736345583714
0 88 -657.1098993375276 -177.57744693888586 199.64647308648514 7.766855921855922
0 72 1.484460310582977 -52.37982516238848 61.07919366574694 7.766855921855922
0 41 999.9360020479563 -41.47535017098918 -118.18606065666415 14.077879772513716
0 88 337.174803697257 -98.41975058105766 -69.70912859446432 7.766855921855922
0 69 -478.3998239016003 1.4056429791920164 737.3415952055348 7.766855921855922
0 41 -948.7653437782487 -161.9123006342367 -1.2422333328900226 7.766855921855922
0 36 16.09858337489415 -806.3027392405158 19.728681708524682 7.766855921855922
0 48 831.66371288592 -1.0965565212749606 1.5253809282306867 7.766855921855922
0 99 -869.8993377374348 -91.43035191730954 -586.3292554782831 14.171487790373831
0 29 -3.764298419796463 -9.30570979178357 -47.761471503386794 7.766855921855922
0 13 -94.48671843701092 2.2482410790933085 -980.2230696662222 7.766855921855922
0 14 652.5650544526599 0.9533512863967404 171.42935867518335 27.113248002634148
0 69 970.4024035943565 -410.1895126917134 233.9077564742394 26.42953955639823
0 98 158.4440447793482 11.298328953228783 450.2085115909504 7.766855921855922
0 82 -6.6999149650828 -869.8993377374348 38.41802822851844 7.766855921855922
0 53 478.3998239016003 1.1119233671076443 5.010923191446682 9.808682482393046
0 7 -3.1110122883359086 -990.8263371683942 998.6071930793637 9.160518694442226
0 99 102.48005229376876 -2.022500939627794 1.7935678252603764 7.766855921855922
0 11 148.3647102945415 999.822238023755 -3.764298419796463 10.976396422650346
0 83 2.8066154157060765 6.6203966096800455 829.7556658693529 7.766855921855922
0 1 4.829460842092108 205.10324801516558 14.434870394819859 7.766855921855922
0 89 965.7556332277792 212.06655580335135 55.32473897360948 7.766855921855922
0 28 -982.3793146181777 155.03023584619524 -3.3587789534123043 7.766855921855922
0 20 831.66371288592 1.08138666631775 -973.8865656978076 8.895162013857405
0 30 -5.262475277863783 -64.41968660255694 979.4775125029315 7.766855921855922
0 62 56.84779886790731 991.8132510152211 379.74473575448815 7.766855921855922
0 20 -11.171381433530824 -6.235408959199237 -229.4253034145985 7.766855921855922
0 90 717.6480580164288 220.63170861330357 -62.17652402211629 7.766855921855922
0 94 -885.1184706626796 180.0800548534357 -947.5988692272321 7.766855921855922
0 95 -513.8334979265298 -586.3292554782831 -33.198349733709065 7.766855921855922
0 90 942.8131962839249 -846.6532959054675 -997.4361811008567 7.766855921855922
0 50 -404.01470628013897 90.67861039088457 -3.86026114192844 7.766855921855922
0 27 249.26090717663968 -504.9086395892254 -775.6793910769313 7.766855921855922
0 14 428.956398679073 106.6699277145385 -998.7989440679407 7.766855921855922
0 3 -857.5601128072285 7.814764542788238 -713.2320580254135 7.766855921855922
0 17 -70.31802505495924 -975.5500845689226 10.084698539409285 7.766855921855922
0 92 -9.093239987790309 -695.4423847375438 -275.13428263625076 7.766855921855922
0 87 30.670793026394055 823.9874333317032 -38.41802822851844 7.766855921855922
0 33 3.2742580014738065 -920.4026883275066 966.7107009560688 9.965320753472355
0 8 -414.3289269335416 -365.9200381520001 391.79207532635536 7.766855921855922
0 5 21.91197960527486 -16.09858337489415 -3.4017815476128406 7.766855921855922
0 98 236.92775868212178 270.1613245720147 -56.84779886790731 7.766855921855922
0 33 -230.91311199273648 -5.592957225076169 -35.20875715719892 7.766855921855922
0 59 9.522602353145167 60.5365209233276 822.0502307884929 7.766855921855922
0 18 -339.0526072544422 -992.2859075169348 622.9157512983055 7.766855921855922
0 36 3.6244220261688502 881.8013770321729 763.0742036013361 7.766855921855922
0 96 -227.94383912421387 -30.670793026394055 327.87068545408124 7.766855921855922
0 59 -59.46305997430319 -885.1184706626796 983.7494877128364 18.80686587180295
0 16 2.9174188765497693 -763.0742036013361 -1.1592291739045903 8.345398732590343
0 2 -638.9001407258727 -17.175763288966696 -149.46070286752578 7.766855921855922
0 20 520.5527766530543 -360.07349661292585 581.7607489775495 7.766855921855922
0 50 53.34665512571475 -111.87199087002818 7.543665223869093 7.766855921855922
0 5 -1.0226315735879894 -110.11664002540041 810.2802438338863 7.766855921855922
0 43 -108.3826659350967 439.53213627762307 -75.99443909989155 7.766855921855922
0 37 -681.9844346830919 -756.7033334839755 -17.737681570776694 7.766855921855922
0 93 -871.6269312295627 -318.70996902214017 -3.533819435182103 7.766855921855922
0 20 -185.1599725422472 -988.1173847877349 98.41975058105766 7.766855921855922
0 36 -28.88497319389854 -44.73523746317199 -265.2442975810008 7.766855921855922
0 31 -796.2459876941389 -967.6529509092971 -92.94861694870342 7.766855921855922
0 95 3.2327295249379806 54.8246153863306 525.0437020905116 7.766855921855922
0 71 146.19053929797596 752.4321560893032 1.676940964167717 7.766855921855922
0 99 -120.97422437429556 81.34499268065883 802.2991162227089 19.448487656724954
0 15 -695.4423847375438 1.9957983941858564 -98.41975058105766 7.766855921855922
0 45 8.094570280841312 1.8422755163328952 965.7556332277792 7.766855921855922
0 45 1.9957983941858564 1.0965565212749606 -178.82564466308554 7.766855921855922
0 16 -66.72859029618512 -46.44418546135818 -335.3026313549239 7.766855921855922
0 46 -367.87944117144235 -839.2205137581299 -67.31623906333888 7.766855921855922
0 17 -825.9174545246304 7.367653564999376 829.7556658693529 7.766855921855922
0 90 -406.068352443785 953.3100272162797 195.6201628880189 7.766855921855922
0 53 -302.5896209526439 14.27714729748175 1.0370361974177806 7.766855921855922
0 82 -135.6725372391095 932.6773107156195 -540.8269077696117 21.523793338101473
0 14 -937.8382579082851 397.8819204512047 907.2438605592797 7.766855921855922
0 38 -534.0509674038435 271.81277476085376 -525.0437020905116 7.766855921855922
0 83 -42.6735495142731 973.0351120050419 978.7186027575909 7.766855921855922
0 27 -198.29806528683955 -199.64647308648514 -1.4643822793155628 7.766855921855922
0 57 -391.79207532635536 -741.6747720933412 739.5102685613598 7.766855921855922
0 14 -39.16389509898706 44.31634192345261 -203.72957489957471 10.196265612266801
0 61 -932.6773107156195 954.4156601130591 -339.0526072544422 7.766855921855922
0 34 29.470060053676185 -790.1373843150038 890.022581198703 7.766855921855922
0 8 -8.286062069684728 2.0768939849623913 -611.4828045012746 7.766855921855922
0 18 8.286062069684728 -616.0568689412488 -5.525397988803933 7.766855921855922
0 30 -83.42760743445314 -105.82147765205328 40.69240644482895 7.766855921855922
0 40 -992.2859075169348 958.7146692973223 -504.9086395892254 7.766855921855922
0 3 -43.90074450206735 -11.556075072389723 -3.764298419796463 27.63550547160545
0 10 568.0737654177344 11.426556546234506 927.3337203922216 22.03745790138929
0 11 75.99443909989155 2.9552330119597228 0.9668487904938663 7.766855921855922
0 69 -713.2320580254135 -465.3144907628399 -2.6996746857236125 7.766855921855922
0 62 7.7234423728556125 -191.65051925295782 83.42760743445314 100.78574314022734
0 38 -226.46872015779306 0.863656014328385 983.0711531542596 21.116329727531852
0 38 -3.5788594772146167 -180.0800548534357 29.17625749321697 7.766855921855922
0 96 26.373969005790613 -581.7607489775495 990.8263371683942 7.766855921855922
0 62 84.83952248007219 -963.8072042159419 -529.5432457641605 7.766855921855922
0 98 -22.141446933953734 -389.77182398660045 983.7494877128364 7.766855921855922
0 5 -424.75541162654577 18.12118147319815 -448.0654336401469 7.766855921855922
0 47 -0.9533512863967404 -261.99746667571577 -5.8001367867944715 7.766855921855922
0 10 111.87199087002818 59.99781637867151 38.049626909191666 7.766855921855922
0 26 -999.1399256317256 715.4417384019052 -295.5799264584372 8.62765824226378
0 67 -17.548611580106492 2.770545321721722 939.0995599320125 7.766855921855922
0 95 -14.75493349655341 2.496903287281165 181.34068528269756 7.766855921855922
0 91 12.223416547493667 -2.1326285479854796 -297.3233204924443 7.766855921855922
0 51 -1.5253809282306867 18.12118147319815 -22.372999101651434 7.766855921855922
0 90 -995.5654174830928 894.8393168143698 33.85732185702312 7.766855921855922
0 66 -278.4805358984724 -333.4361120646482 426.85377240942233 7.766855921855922
0 85 654.838190604198 209.26223279897872 -25.062063262558762 7.766855921855922
0 34 94.48671843701092 -13.215036089234836 -1.3307076049324877 7.766855921855922
0 10 -454.50607459880683 -704.361190291616 94.48671843701092 47.34866595946326
0 35 58.93223166367471 -939.0995599320125 112.75772621284011 7.766855921855922
0 63 -925.9696893289636 568.0737654177344 74.70209728664068 7.766855921855922
0 35 30.977442520485074 13.966256466258136 990.312121686621 7.766855921855922
0 9 4.949760932660852 373.78892968843036 806.3027392405158 7.766855921855922
0 74 122.86071053170186 -206.48324662862507 -999.9715559600949 7.766855921855922
0 81 63.85278298795806 565.7959502087073 661.6487556483444 7.766855921855922
0 30 1.8177714612722895 4.5402171192708884 590.9000213823455 7.766855921855922
0 18 467.48687757763474 -998.4012793176064 182.60754351177692 7.766855921855922
0 72 556.6964775929704 339.0526072544422 597.759301978483 7.766855921855922
0 3 -410.1895126917134 -268.5160891601168 15.246757149973432 7.766855921855922
0 59 -132.6304692499388 625.2011895423117 -2.278029544741524 7.766855921855922
0 80 -260.38343092302904 -616.0568689412488 -401.9657293201844 7.766855921855922
0 63 -326.0269895175762 -21.014657445975995 91.43035191730954 7.766855921855922
0 19 -280.16291660533943 -563.5192538416999 7.63307882003053 26.586453435388254
0 71 930.0281314285266 31.286712955518144 227.94383912421387 7.766855921855922
0 18 -973.0351120050419 -278.4805358984724 7.455192985020814 7.766855921855922
0 87 -5.870721275738481 -5.661261994216657 -7.367653564999376 7.766855921855922
0 79 -102.48005229376876 704.361190291616 -150.5626503528486 7.766855921855922
0 77 -326.0269895175762 16.809880432864844 663.9157633354736 8.884239938163498
0 49 -936.5653298008534 36.252203580148276 -63.85278298795806 7.766855921855922
0 74 -333.4361120646482 -15.924946381880734 760.9554650536204 7.766855921855922
0 17 130.63112364567263 -132.6304692499388 -504.9086395892254 7.766855921855922
0 44 -30.065287858438076 -1.0226315735879894 59.46305997430319 7.766855921855922
0 2 11.952485865746999 8.782659613062226 722.0503220091856 7.766855921855922
0 78 -498.24246424735344 -1.3490871355946945 -989.2422826105027 21.6431562753863
0 13 -15.924946381880734 -999.9360020479563 31.913186011702205 7.766855921855922
0 37 -10.92128351271731 452.3554062477682 307.90978509655105 24.43247938660608
0 96 153.90434591069092 61.07919366574694 -448.0654336401469 10.754414102669607
0 2 -290.3860599821371 -169.01331540606608 586.3292554782831 7.766855921855922
0 61 25.062063262558762 -391.79207532635536 71.54876741731277 8.087655341963602
0 96 -307.90978509655105 529.5432457641605 -37.68422233693188 10.413992501446984
0 88 -158.4440447793482 424.75541162654577 -3.717136081449266 12.089442259861592
0 92 -10.43597820660384 848.49158563416 443.7908980686006 7.766855921855922
0 21 -552.1546487790696 -223.53752096066137 693.2057374295781 14.960474140218206
0 40 -558.9694578472678 547.6187203369318 44.31634192345261 7.766855921855922
0 29 11.298328953228783 437.408774169447 666.1810638304398 7.766855921855922
0 5 -4.770309936439416 -82.72872111457924 -823.9874333317032 7.766855921855922
0 19 -299.0727439304821 -558.9694578472678 -743.835031938882 7.766855921855922
0 17 167.8145128020078 -77.96667573281333 -96.04480818860846 17.883732083389685
0 52 -581.7607489775495 983.0711531542596 -1.1754074277772093 7.766855921855922
0 79 864.6632872643253 547.6187203369318 997.6986521707419 8.792448627201306
0 96 -1.1754074277772093 -540.8269077696117 -190.33987291724583 7.766855921855922
0 23 3.071379577801739 -2.2482410790933085 38.41802822851844 7.766855921855922
0 27 -953.3100272162797 4.5402171192708884 -17.928533629586024 7.766855921855922
0 37 -39.54139776878859 27.74468160279172 72.17065343881134 7.766855921855922
0 28 51.42759183381907 414.3289269335416 -25.319837207990012 7.766855921855922
0 12 -794.2158526165467 35.901507238855096 668.4445867635698 7.766855921855922
0 34 985.0655309782087 -645.7377755699547 2.278029544741524 7.766855921855922
0 28 0.9533512863967404 395.84715632419505 -953.3100272162797 7.766855921855922
0 9 21.235935863475117 -491.6013716539818 1.1754074277772093 7.766855921855922
0 4 -9.743995790735125 -941.5870800105151 699.907489092922 7.766855921855922
0 54 979.4775125029315 6.463904204136543 92.18701439882877 7.766855921855922
0 3 779.8384903098691 20.362822964222726 931.358402111352 7.766855921855922
0 87 -28.02606120295602 -2.1326285479854796 -672.9660176509437 7.766855921855922
0 89 3.95844503008868 7.110547741134667 -156.16214126075397 23.941712242372844
0 84 2.4324788360277174 33.52645519660903 290.3860599821371 7.766855921855922
0 77 5.198538358669418 806.3027392405158 356.2024606831856 7.766855921855922
0 62 -8.383321261286595 35.901507238855096 719.8509436510202 7.766855921855922
0 75 -765.1879586307416 -324.1890504064601 -32.23042346341634 7.766855921855922
0 14 1.0226315735879894 989.7840960410764 252.40732909668918 10.674672453126632
0 91 493.8121980333462 59.99781637867151 -322.35688779872874 11.402273138702448
0 35 3.1110122883359086 247.6971509814819 -1.7227264271112253 11.145413573630124
0 64 201.0011912257319 -8.189814753444566 629.7703814010031 7.766855921855922
0 93 137.72945349572973 -822.0502307884929 -9.19892688703109 7.766855921855922
0 19 -104.14032608861311 -408.12663298226846 579.4774994705258 7.766855921855922
0 58 -53.34665512571475 681.9844346830919 99.22155499886324 7.766855921855922
0 46 -620.6298407314331 -8.988639490917539 2.40084144738032 7.766855921855922
0 31 -876.7555049996674 -39.54139776878859 16.27388215925175 7.766855921855922
0 33 113.64885792618341 885.1184706626796 -45.15745032486091 7.766855921855922
0 53 786.0351418828395 893.2435526149937 -948.7653437782487 7.766855921855922
0 37 219.18832219177096 59.99781637867151 996.5641383500792 7.766855921855922
0 97 -68.50418474278179 -433.1742915316544 796.2459876941389 7.766855921855922
0 16 -129.64001593677744 -335.3026313549239 -182.60754351177692 7.766855921855922
0 25 -4.058895265679153 -13.51112609505664 -620.6298407314331 7.766855921855922
0 45 -205.10324801516558 -489.39348296254406 704.361190291616 7.766855921855922
0 9 -1.5887170989426074 -89.93177065421145 507.13603386966753 7.766855921855922
0 83 -13.51112609505664 -825.9174545246304 33.85732185702312 7.766855921855922
0 56 -982.3793146181777 -814.2310475052534 21.014657445975995 8.164663752133247
0 75 -808.2947927848106 -1.769661292086738 -971.2929944878241 7.766855921855922
0 32 38.78944478017243 10.676177255050533 -2.338695981575381 7.766855921855922
0 12 125.7323295944279 -176.33545369813584 -902.6684120809421 7.766855921855922
0 57 -921.8109580406331 209.26223279897872 808.2947927848106 7.766855921855922
0 62 -2.0495315994753476 910.2423061281431 -648.0147777126521 7.766855921855922
0 61 616.0568689412488 -786.0351418828395 40.69240644482895 15.460195143835007
0 69 110.11664002540041 -435.28947911066047 641.1803884299546 7.766855921855922
0 78 -292.11128262245666 986.9376187392776 -3.670512429851574 7.766855921855922
0 83 -2.6304672741941992 -489.39348296254406 -84.83952248007219 7.766855921855922
0 37 522.7971347785556 -985.703184122443 67.90809717870945 7.766855921855922
0 75 -103.30758853268729 962.8139240778031 3.6244220261688502 7.766855921855922
0 75 -842.9526892473448 482.78793593514763 -0.9668487904938663 8.675246923004131
0 14 -6.54172898421464 135.6725372391095 -890.022581198703 7.766855921855922
0 42 -2.022500939627794 1.8177714612722895 -520.5527766530543 7.766855921855922
0 78 -977.160853759817 -998.4012793176064 2.596476358143996 7.766855921855922
0 46 999.822238023755 -104.14032608861311 998.7989440679407 7.766855921855922
0 84 70.31802505495924 -0.9268793878004573 763.0742036013361 7.766855921855922
0 52 92.94861694870342 724.2461197198362 25.062063262558762 7.766855921855922
0 76 21.684582002169485 -814.2310475052534 12.223416547493667 7.766855921855922
0 60 -13.966256466258136 -22.372999101651434 -973.8865656978076 16.0209885664782
0 54 18.710037936154336 212.06655580335135 35.20875715719892 7.766855921855922
0 59 -140.85842092104502 604.6208100002785 5.661261994216657 7.766855921855922
0 54 61.62585467328441 632.0540006338927 -796.2459876941389 8.762999154718418
0 81 976.3620799825358 595.4725422392698 657.1098993375276 10.76468982537789
0 29 26.10694840220178 -123.81231552928406 -1.2422333328900226 8.718784678115853
0 26 -928.6865527072594 -848.49158563416 -172.6466179407732 18.50743836907776
0 58 0.9533512863967404 994.8294137390491 999.9360020479563 7.766855921855922
0 62 -999.4241658561541 -924.5945147602107 -0.9533512863967404 7.766855921855922
0 42 8.481601422625094 -1.4643822793155628 0.8395075306304852 7.766855921855922
0 1 672.9660176509437 -997.4361811008567 268.5160891601168 7.766855921855922
0 24 496.0259122853027 -641.1803884299546 -837.3427636725575 7.766855921855922
0 42 -249.26090717663968 452.3554062477682 210.66122595497157 7.766855921855922
0 1 -846.6532959054675 91.43035191730954 -324.1890504064601 7.766855921855922
0 5 2.529698606736524 531.7961120574406 928.6865527072594 7.766855921855922
0 90 1.08138666631775 -322.35688779872874 -999.822238023755 7.766855921855922
0 75 -29.470060053676185 -465.3144907628399 -833.5642922905702 7.766855921855922
0 40 659.3801109716563 4.596776417277874 -862.9004051039246 8.297830026539954
0 93 -638.9001407258727 -84.83952248007219 -963.8072042159419 7.766855921855922
0 58 -3.764298419796463 120.03931078151147 -724.2461197198362 7.766855921855922
0 59 -23.08031680358867 -2.7348998971773133 -986.3272221679593 7.766855921855922
0 50 -32.55035151639342 3.2742580014738065 -209.26223279897872 24.973635166557887
0 29 -556.6964775929704 590.9000213823455 1.9694203856614445 7.766855921855922
0 77 -18.710037936154336 -48.207446518278985 12.223416547493667 7.766855921855922
0 6 -2.1897342027843503 -107.5236512006549 -260.38343092302904 7.766855921855922
0 70 -7.455192985020814 990.312121686621 8.782659613062226 7.766855921855922
0 23 1.4249764381924648 232.40726354412496 39.54139776878859 7.766855921855922
0 43 2.6304672741941992 21.014657445975995 -474.02462839387346 7.766855921855922
0 19 -489.39348296254406 -232.40726354412496 32.87298773300593 29.00695533831027
0 79 -445.92621504025493 -979.4775125029315 -17.928533629586024 7.766855921855922
0 17 109.24698965842845 2.278029544741524 570.3526390519357 7.766855921855922
0 18 3.9090726340391586 295.5799264584372 -190.33987291724583 7.766855921855922
0 17 -271.81277476085376 75.99443909989155 -191.65051925295782 7.766855921855922
0 35 949.9197441694743 66.14513077327851 246.13970444460566 7.766855921855922
0 56 952.192132744021 946.4203685202788 -6.7802919932163705 7.766855921855922
0 31 -998.181211559503 3.1110122883359086 563.5192538416999 7.766855921855922
0 58 -1.0084126906655186 -814.2310475052534 192.9674460196037 7.766855921855922
0 79 15.413876388157313 857.5601128072285 812.2590196257241 7.766855921855922
0 55 -38.78944478017243 -55.82863079806684 63.85278298795806 7.766855921855922
0 2 -61.07919366574694 -150.5626503528486 -21.014657445975995 7.766855921855922
0 29 3.1511115984444413 -5.198538358669418 -994.0374028175219 9.916877217836037
0 14 -68.50418474278179 -433.1742915316544 -796.2459876941389 7.766855921855922
0 60 513.8334979265298 -812.2590196257241 -46.44418546135818 7.766855921855922
0 88 -385.7460606403828 -1.0226315735879894 -765.1879586307416 7.766855921855922
0 90 -340.93601982656935 1.7935678252603764 44.73523746317199 7.766855921855922
0 53 0.9668487904938663 -281.8514524735917 -871.6269312295627 7.766855921855922
0 78 48.207446518278985 56.84779886790731 5.592957225076169 10.085418102914977
0 41 244.58857205385542 839.2205137581299 31.913186011702205 13.119908588150762
0 33 16.99195790766509 -9.30570979178357 2.7348998971773133 10.75409785824574
0 37 16.27388215925175 493.8121980333462 42.6735495142731 42.3751161774494
0 3 484.98671616135607 354.27501895138374 -9.856405034858733 7.766855921855922
0 60 -36.252203580148276 876.7555049996674 -67.90809717870945 7.766855921855922
0 13 41.47535017098918 2.529698606736524 11.819028702566058 7.766855921855922
0 56 12.08727808067372 990.8263371683942 -0.901091276243778 7.766855921855922
0 62 -3.1916823744048095 -1.6544712993476167 304.3570446471063 7.766855921855922
0 88 -31.59862165738462 -13.215036089234836 1.3307076049324877 9.088030026105375
0 18 -422.66135490141073 181.34068528269756 -8.000319682583328 24.887253373906255
0 40 253.9899843473379 1.0664115055580667 -40.69240644482895 7.766855921855922
0 96 -2.8066154157060765 -531.7961120574406 239.97310019457993 7.766855921855922
0 23 522.7971347785556 243.0437580002738 -2.022500939627794 13.981842439806274
0 66 -0.851502225327558 -72.17065343881134 19.52116533968904 7.766855921855922
0 68 -268.5160891601168 -13.966256466258136 244.58857205385542 7.766855921855922
0 53 -57.88227919830123 -11.556075072389723 -507.13603386966753 7.766855921855922
0 64 980.9552428688856 625.2011895423117 75.34603322150939 7.766855921855922
0 61 -936.5653298008534 -63.85278298795806 1.6544712993476167 7.766855921855922
0 3 -871.6269312295627 109.24698965842845 -613.769940301775 7.766855921855922
0 48 -997.1595971547114 344.7195813979866 458.818558506137 7.766855921855922
0 21 -95.26325532781016 178.82564466308554 -177.57744693888586 7.766855921855922
0 38 452.3554062477682 -11.298328953228783 -20.149496066678882 7.766855921855922
0 98 -406.068352443785 -10.676177255050533 387.7564751485895 7.766855921855922
0 43 959.7583184997327 641.1803884299546 4.0083840011806995 28.28277867273957
0 81 -176.33545369813584 -0.9805234463178063 -999.822238023755 8.670212831372673
0 61 -3.764298419796463 767.2966561297998 -945.2298901146783 7.766855921855922
0 50 -420.5716404319162 -735.1688258500303 792.1796270036092 12.274728209397962
0 6 -16.450855816945793 -169.01331540606608 -412.25695599332846 7.766855921855922
0 33 -371.8139152163396 -286.953878628927 2.770545321721722 7.766855921855922
0 36 160.750147225271 281.8514524735917 971.2929944878241 7.766855921855922
0 52 -142.97362431112603 302.5896209526439 120.97422437429556 7.766855921855922
0 87 185.1599725422472 -496.0259122853027 385.7460606403828 7.766855921855922
0 50 -6.310751931681087 23.562566299640974 622.9157512983055 8.394776272865844
0 13 -997.4361811008567 2.4324788360277174 92.94861694870342 7.766855921855922
0 54 -928.6865527072594 -31.59862165738462 0.9805234463178063 7.766855921855922
0 94 880.1287185639057 -730.8112942200039 -53.83559333334074 7.766855921855922
0 5 -27.18920903337749 -7.63307882003053 704.361190291616 7.766855921855922
0 61 -2.9552330119597228 261.99746667571577 -99.22155499886324 7.766855921855922
0 97 -185.1599725422472 999.6516162552707 827.8402225841537 7.766855921855922
0 81 -10.084698539409285 -850.3217731846602 978.7186027575909 7.766855921855922
0 32 -3.071379577801739 5.9420802290793375 -983.7494877128364 7.766855921855922
0 39 -864.6632872643253 1.5673403964135 346.61968417726035 7.766855921855922
0 84 2.5628882227176892 798.2699588486049 -993.6204363791489 7.766855921855922
0 89 98.41975058105766 -711.0190900224698 -973.8865656978076 14.859196170239153
0 77 -476.21058786196096 1.7460485771277545 12.924699464628308 7.766855921855922
0 89 595.4725422392698 -588.614387433212 -147.27466002701013 7.766855921855922
0 30 -869.8993377374348 30.366747207470357 116.35480280870391 12.332942265147352
0 96 -216.3205858710134 217.75128156524426 -1.9957983941858564 11.325721948775104
0 83 24.80656083224224 -745.9909742010481 19.728681708524682 7.766855921855922
0 28 -273.4704305986858 -111.87199087002818 10.798111729492911 15.66045360568907
0 89 518.3106819320484 -2.4324788360277174 -850.3217731846602 7.766855921855922
0 76 54.32824013352512 992.7446701311568 -643.4596228940281 7.766855921855922
0 84 1.676940964167717 670.7062616015608 182.60754351177692 7.766855921855922
0 19 -433.1742915316544 -152.78445967628664 730.8112942200039 8.66730362202934
0 88 -675.2237840615702 916.1125964258483 5.262475277863783 7.766855921855922
0 32 616.0568689412488 -146.19053929797596 -810.2802438338863 7.766855921855922
0 58 -962.8139240778031 974.7249016017939 -3.445285705944924 7.766855921855922
0 60 899.5669683012784 -108.3826659350967 -75.34603322150939 7.766855921855922
0 31 89.18981349138066 53.34665512571475 704.361190291616 7.766855921855922
0 75 -681.9844346830919 1.4445552680320377 358.13529519195157 7.766855921855922
0 7 -862.9004051039246 -37.68422233693188 -686.4802812546851 7.766855921855922
0 29 98.41975058105766 891.637952973717 790.1373843150038 7.766855921855922
0 37 -3.2742580014738065 885.1184706626796 -771.4985825509513 20.63443340622382
0 3 715.4417384019052 365.9200381520001 41.47535017098918 7.766855921855922
0 50 992.7446701311568 -918.9834999767215 1.484460310582977 7.766855921855922
0 35 -18.315638888734178 -27.46573640660345 652.5650544526599 7.766855921855922
0 77 5.592957225076169 -0.8276700279306349 -27.18920903337749 7.766855921855922
0 46 7.543665223869093 -1.8422755163328952 -739.5102685613598 7.766855921855922
0 87 968.5823437793704 -9.632731539373252 72.17065343881134 7.766855921855922
0 63 -0.901091276243778 -70.93123130751714 -866.4174484761254 7.766855921855922
0 91 -2.8066154157060765 814.2310475052534 -69.70912859446432 7.766855921855922
0 21 956.5899589013445 219.18832219177096 31.286712955518144 7.766855921855922
0 77 -163.0805365210318 -160.750147225271 -114.5454032102006 7.766855921855922
0 58 -437.408774169447 63.85278298795806 666.1810638304398 7.766855921855922
0 89 1.484460310582977 153.90434591069092 -783.9752893789288 7.766855921855922
0 50 -489.39348296254406 982.3793146181777 -138.7666161100298 7.766855921855922
0 15 -2.880047636716695 11.68689545931768 -117.2676910361409 7.766855921855922
0 82 -173.87004769799444 496.0259122853027 790.1373843150038 7.766855921855922
0 56 -7.455192985020814 1.4445552680320377 -980.9552428688856 7.766855921855922
0 1 -790.1373843150038 -862.9004051039246 -293.8425759183997 7.766855921855922
0 48 206.48324662862507 -968.5823437793704 -971.2929944878241 7.766855921855922
0 34 -117.2676910361409 235.41458890681233 773.5916635239479 9.768547379093881
0 32 -869.8993377374348 -5.135305210884407 739.5102685613598 7.766855921855922
0 53 35.20875715719892 684.2335310269239 679.7330638036425 7.766855921855922
0 89 3.4017815476128406 -888.3975009004357 34.86666722521059 15.08724428339011
0 45 -97.62303707820443 -230.91311199273648 -804.3041560655722 8.125581247468345
0 99 -593.1860941356141 75.99443909989155 46.44418546135818 7.766855921855922
0 97 220.63170861330357 997.9469991838506 -688.7246136506345 9.158704725287354
0 10 157.30007376080368 9.856405034858733 991.3267206852584 7.766855921855922
0 57 1.1917945159929293 80.66011118390196 -974.7249016017939 7.766855921855922
0 4 7.7234423728556125 822.0502307884929 -8.481601422625094 7.766855921855922
0 11 -57.88227919830123 -190.33987291724583 636.6189481297823 7.766855921855922
0 66 20.57811572929784 -467.48687757763474 30.670793026394055 22.26757787601511
0 82 -19.315557022103427 998.4012793176064 -498.24246424735344 7.766855921855922
0 81 -431.0632514918189 -121.91468553354511 19.938120477799508 7.766855921855922
0 33 825.9174545246304 -22.842418751462056 -1.1119233671076443 7.766855921855922
0 29 940.3491843351686 30.366747207470357 -14.9172983285519 7.766855921855922
0 85 137.72945349572973 337.174803697257 -135.6725372391095 7.766855921855922
0 51 -5.262475277863783 86.99304455988062 469.6627267937703 7.766855921855922
0 44 445.92621504025493 627.4860886037158 989.2422826105027 8.866757750984588
0 19 32.23042346341634 937.8382579082851 2.4644980794349483 7.766855921855922
0 83 -561.2437364432349 973.0351120050419 4.711816494050464 7.766855921855922
0 47 -657.1098993375276 -253.9899843473379 120.97422437429556 10.21264298617109
0 70 953.3100272162797 81.34499268065883 -92.94861694870342 7.766855921855922
0 64 416.4053891841609 -831.66371288592 210.66122595497157 19.97426194893102
0 64 170.21826089762084 2.4644980794349483 -14.9172983285519 7.766855921855922
0 14 -13.362356017876554 329.72011818024174 -3.812004929644161 7.766855921855922
0 47 150.5626503528486 1.7935678252603764 -538.5664215774289 7.766855921855922
0 74 2.1326285479854796 -358.13529519195157 -914.6609966899894 69.95682041243909
0 33 -968.5823437793704 -3.032208642742899 327.87068545408124 7.766855921855922
0 20 -53.83559333334074 -675.2237840615702 -6.54172898421464 7.766855921855922
0 29 1.1754074277772093 981.6740012799432 930.0281314285266 7.766855921855922
0 22 808.2947927848106 -905.7290213482602 804.3041560655722 7.766855921855922
0 72 -529.5432457641605 -198.29806528683955 311.48627584740706 7.766855921855922
0 25 -31.286712955518144 -186.4455573889486 -450.2085115909504 7.766855921855922
0 82 -183.8806368878095 7.63307882003053 852.1437889662113 7.766855921855922
0 25 999.5449924362415 -997.4361811008567 568.0737654177344 7.766855921855922
0 73 -106.6699277145385 -17.737681570776694 -790.1373843150038 7.766855921855922
0 50 -1.2594804302571774 -898.0010871912419 -4.770309936439416 9.309454612327983
0 34 846.6532959054675 833.5642922905702 4.596776417277874 7.766855921855922
0 35 2.2482410790933085 999.2891416684733 -985.703184122443 7.766855921855922
0 93 966.7107009560688 101.65769915153494 717.6480580164288 7.766855921855922
0 38 -173.87004769799444 147.27466002701013 -198.29806528683955 7.766855921855922
0 59 4.058895265679153 3.9090726340391586 90.67861039088457 7.766855921855922
0 52 -973.8865656978076 962.8139240778031 -545.3531144098193 7.766855921855922
0 21 -199.64647308648514 27.74468160279172 33.198349733709065 7.766855921855922
0 43 999.9928889141728 -866.4174484761254 -236.92775868212178 37.468020816820015
0 59 44.73523746317199 304.3570446471063 -21.459239080080405 7.766855921855922
0 65 684.2335310269239 -158.4440447793482 29.470060053676185 7.766855921855922
0 40 6.861535695362683 0.8395075306304852 -3.2742580014738065 9.849826011565508
0 71 565.7959502087073 -980.2230696662222 123.81231552928406 8.964226397744982
0 16 -4.484289956747011 99.22155499886324 17.36131001139517 7.766855921855922
0 54 426.85377240942233 913.1987092372023 -800.2876927684249 7.766855921855922
0 91 1.6544712993476167 -563.5192538416999 -796.2459876941389 8.43975544181151
0 47 57.36311501438888 1.50479222853014 -46.44418546135818 7.766855921855922
0 30 -175.09965675011335 885.1184706626796 -572.6325104064184 7.766855921855922
0 69 13.966256466258136 -46.44418546135818 -902.6684120809421 10.397505867151223
0 7 -15.924946381880734 18.511919733740925 -6.463904204136543 7.766855921855922
0 22 620.6298407314331 -0.8395075306304852 78.63316061216977 7.766855921855922
0 77 393.8171969648831 -16.809880432864844 155.03023584619524 9.190479124481234
0 30 21.459239080080405 820.1059188159096 2.6648652705639053 7.766855921855922
0 80 -1.7935678252603764 -620.6298407314331 -27.46573640660345 7.766855921855922
0 56 -406.068352443785 -600.0463093799681 -916.1125964258483 7.766855921855922
0 45 148.3647102945415 -46.87986041980215 945.2298901146783 7.766855921855922
0 81 26.373969005790613 967.6529509092971 995.2044245556931 7.766855921855922
0 37 299.0727439304821 -157.30007376080368 885.1184706626796 7.766855921855922
0 40 -7.907054051593435 -463.14561190811463 -18.315638888734178 7.766855921855922
0 63 15.081235349944116 -563.5192538416999 -998.9765241090889 7.766855921855922
0 41 920.4026883275066 -16.450855816945793 -17.737681570776694 7.766855921855922
0 74 -173.87004769799444 686.4802812546851 145.11233518231327 9.383461709996407
0 11 16.450855816945793 -3.3587789534123043 61.62585467328441 7.766855921855922
0 83 -194.29065878548815 -32.87298773300593 597.759301978483 7.766855921855922
0 4 864.6632872643253 -844.8069737843796 2.022500939627794 7.766855921855922
0 25 -266.87707733323145 1.484460310582977 -899.5669683012784 7.766855921855922
0 30 3.6244220261688502 62.73122179617208 -190.33987291724583 7.766855921855922
0 51 -609.1955272463401 -875.055081391187 -25.319837207990012 8.153664406332641
0 88 -66.14513077327851 625.2011895423117 -27.46573640660345 9.49889520722348
0 25 5.392487787384601 471.84199249207455 -44.31634192345261 7.766855921855922
0 79 -8.782659613062226 -11.819028702566058 354.27501895138374 7.766855921855922
0 97 -876.7555049996674 -806.3027392405158 -5.458577189919378 7.766855921855922
0 90 -0.8395075306304852 -773.5916635239479 -985.0655309782087 7.766855921855922
0 81 177.57744693888586 1.3677010696468141 -543.089157748656 7.766855921855922
0 57 156.16214126075397 -445.92621504025493 209.26223279897872 11.814362509596599
0 35 2.770545321721722 5.870721275738481 994.4404009802407 7.766855921855922
0 72 139.80960059200925 -10.084698539409285 -5.525397988803933 8.3310173672511
0 63 223.53752096066137 -3.4017815476128406 2.104591741312798 7.766855921855922
0 26 893.2435526149937 320.53052101554124 34.19096750703116 7.766855921855922
0 76 31.286712955518144 704.361190291616 -41.87155987524904 7.766855921855922
0 81 5.730319446408162 92.94861694870342 850.3217731846602 7.766855921855922
0 16 928.6865527072594 1.3865521081411516 5.525397988803933 14.178795491044653
0 65 -37.68422233693188 -34.19096750703116 500.46180341114035 7.766855921855922
0 14 81.34499268065883 23.08031680358867 418.4863060425645 7.766855921855922
0 6 983.7494877128364 214.89623398220536 9.093239987790309 7.766855921855922
0 93 203.72957489957471 -324.1890504064601 45.58299975133145 7.766855921855922
0 36 22.141446933953734 -704.361190291616 -99.22155499886324 7.766855921855922
0 97 309.69506989145333 -641.1803884299546 -206.48324662862507 15.657351414243792
0 11 839.2205137581299 299.0727439304821 878.4467393499314 8.034215212279957
0 73 196.95596343181847 196.95596343181847 482.78793593514763 7.766855921855922
0 56 -657.1098993375276 -10.200602983146439 161.9123006342367 64.22905207793869
0 59 -15.924946381880734 6.943654131535945 -247.6971509814819 7.766855921855922
0 91 77.96667573281333 51.42759183381907 130.63112364567263 7.766855921855922
0 76 74.06261133144415 -3.6244220261688502 -161.9123006342367 7.766855921855922
0 77 422.66135490141073 261.99746667571577 -14.75493349655341 7.766855921855922
0 43 94.48671843701092 -0.9268793878004573 -1.1119233671076443 7.766855921855922
0 63 -2.6996746857236125 -629.7703814010031 -135.6725372391095 7.766855921855922
0 34 -183.8806368878095 340.93601982656935 -1.7460485771277545 7.766855921855922
0 12 -525.0437020905116 -33.52645519660903 -4.213920717801252 7.766855921855922
0 42 -424.75541162654577 -92.18701439882877 82.03452275491516 7.766855921855922
0 21 -135.6725372391095 39.16389509898706 1.7935678252603764 7.766855921855922
0 39 -26.10694840220178 -80.66011118390196 -970.4024035943565 7.766855921855922
0 91 -358.13529519195157 -750.2896102405062 348.5253035300462 7.766855921855922
0 21 474.02462839387346 563.5192538416999 -18.511919733740925 7.766855921855922
0 34 -61.07919366574694 -290.3860599821371 958.7146692973223 7.766855921855922
0 41 -230.91311199273648 14.594128334927582 -431.0632514918189 7.766855921855922
0 31 516.0709045040755 96.04480818860846 0.901091276243778 7.766855921855922
0 21 0.9668487904938663 -9.856405034858733 -675.2237840615702 7.766855921855922
0 96 531.7961120574406 622.9157512983055 -57.36311501438888 7.766855921855922
0 35 -25.842263684898327 97.62303707820443 -25.319837207990012 11.393495284835886
0 59 5.392487787384601 207.86957391480766 -16.99195790766509 7.766855921855922
0 3 -39.92197142180668 -3.1511115984444413 123.81231552928406 7.766855921855922
0 26 -8.681261346550277 994.0374028175219 -337.174803697257 7.766855921855922
0 49 -385.7460606403828 -3.1511115984444413 270.1613245720147 7.766855921855922
0 23 -311.48627584740706 92.94861694870342 989.2422826105027 7.766855921855922
0 47 -28.88497319389854 -87.7204697797924 138.7666161100298 7.766855921855922
0 86 -62.73122179617208 89.93177065421145 859.3487496595466 7.766855921855922
0 65 -158.4440447793482 -788.0891980779462 14.434870394819859 7.766855921855922
0 22 -268.5160891601168 17.548611580106492 -792.1796270036092 7.766855921855922
0 58 -5.592957225076169 -124.76951657309542 996.5641383500792 7.766855921855922
0 50 -21.91197960527486 -3.2327295249379806 538.5664215774289 7.766855921855922
0 51 -2.338695981575381 -367.87944117144235 5.392487787384601 7.766855921855922
0 3 -62.73122179617208 36.60580500547935 -20.79538899048429 7.766855921855922
0 44 61.62585467328441 -540.8269077696117 176.33545369813584 7.766855921855922
0 66 -16.99195790766509 -114.5454032102006 5.8001367867944715 7.766855921855922
0 4 -945.2298901146783 36.962329743855506 13.215036089234836 7.766855921855922
0 83 -12.499777379850377 -3.764298419796463 697.676326071031 7.766855921855922
0 63 -796.2459876941389 4.37430726511824 385.7460606403828 7.766855921855922
0 24 9.743995790735125 -132.6304692499388 792.1796270036092 7.766855921855922
0 40 295.5799264584372 636.6189481297823 -124.76951657309542 7.766855921855922
0 24 -217.75128156524426 164.25486542272122 -11.819028702566058 7.766855921855922
0 21 -974.7249016017939 794.2158526165467 -249.26090717663968 7.766855921855922
0 68 268.5160891601168 868.1628211005483 779.8384903098691 7.766855921855922
0 56 998.181211559503 -3.95844503008868 9.632731539373252 7.766855921855922
0 15 -857.5601128072285 -584.044688441383 -552.1546487790696 11.255143905571733
0 47 -59.99781637867151 -984.4142896745818 27.46573640660345 7.766855921855922
0 69 157.30007376080368 999.6516162552707 454.50607459880683 7.766855921855922
0 53 -71.54876741731277 6.6999149650828 -77.96667573281333 7.766855921855922
0 27 577.195002030279 2.9552330119597228 21.684582002169485 7.766855921855922
0 45 812.2590196257241 -22.141446933953734 -128.65459806589402 7.766855921855922
0 28 995.2044245556931 3.071379577801739 -31.286712955518144 7.766855921855922
0 3 996.5641383500792 -257.17415497249834 246.13970444460566 7.766855921855922
0 88 -604.6208100002785 40.69240644482895 825.9174545246304 7.766855921855922
0 72 86.27042457446771 -311.48627584740706 -842.9526892473448 7.766855921855922
0 71 -3.445285705944924 945.2298901146783 993.6204363791489 7.766855921855922
0 89 -911.7257927145712 238.44726335528773 102.48005229376876 7.766855921855922
0 7 -1.50479222853014 983.0711531542596 125.7323295944279 7.766855921855922
0 60 -373.78892968843036 -500.46180341114035 -15.7529581687075 7.766855921855922
0 92 183.8806368878095 6.6999149650828 137.72945349572973 7.766855921855922
0 92 -960.7894391523232 609.1955272463401 -992.2859075169348 64.7280851636336
0 43 -235.41458890681233 49.56628350491174 -852.1437889662113 7.766855921855922
0 26 -5.135305210884407 930.0281314285266 -5.198538358669418 7.766855921855922
0 40 -469.6627267937703 531.7961120574406 20.362822964222726 7.766855921855922
0 38 26.64334175295623 -2.1326285479854796 -28.02606120295602 18.131711341154826
0 15 -72.79690941452945 -998.9765241090889 859.3487496595466 7.766855921855922
0 89 164.25486542272122 556.6964775929704 638.9001407258727 11.610169278473938
0 48 -763.0742036013361 -670.7062616015608 980.9552428688856 7.766855921855922
0 23 693.2057374295781 794.2158526165467 458.818558506137 7.766855921855922
0 58 636.6189481297823 -968.5823437793704 21.014657445975995 7.766855921855922
0 31 50.48979713720773 114.5454032102006 966.7107009560688 8.135516725378153
0 24 -57.36311501438888 72.79690941452945 1.5673403964135 23.922521250106314
0 10 362.0170387115832 -961.8079884497893 82.03452275491516 9.809654260256925
0 43 581.7607489775495 4.653974106725131 -978.7186027575909 7.766855921855922
0 17 -100.02846890658438 -957.6585348384118 3.5788594772146167 7.766855921855922
0 80 45.15745032486091 -632.0540006338927 -636.6189481297823 7.766855921855922
0 94 -354.27501895138374 86.27042457446771 -706.5835832436754 9.415215343657804
0 81 -11.819028702566058 -661.6487556483444 -375.7690908036154 7.766855921855922
0 5 13.06915448855308 777.7616912984204 536.3077559634779 7.766855921855922
0 11 -2.40084144738032 -202.36222385925777 -732.9920342764964 12.447102816257555
0 96 -31.913186011702205 -748.1425249526778 5.525397988803933 7.766855921855922
0 90 207.86957391480766 -258.7756580487236 -74.06261133144415 7.766855921855922
0 20 450.2085115909504 -9.19892688703109 56.33631078231322 7.766855921855922
0 9 0.8884485862954093 -927.3337203922216 -996.5641383500792 7.766855921855922
0 95 19.52116533968904 13.215036089234836 3.86026114192844 7.766855921855922
0 65 1.5253809282306867 21.684582002169485 659.3801109716563 7.766855921855922
0 64 -7.814764542788238 -17.36131001139517 -4.596776417277874 7.766855921855922
0 95 30.670793026394055 -859.3487496595466 -810.2802438338863 7.766855921855922
0 47 280.16291660533943 868.1628211005483 1.8422755163328952 7.766855921855922
0 48 -996.8689121118641 -995.2044245556931 -476.21058786196096 7.766855921855922
0 17 609.1955272463401 -1.1754074277772093 -463.14561190811463 7.766855921855922
0 65 -139.80960059200925 -627.4860886037158 -92.18701439882877 7.766855921855922
0 69 350.43641543204484 155.03023584619524 5.730319446408162 7.766855921855922
0 6 -0.851502225327558 2.2188105832201925 695.4423847375438 14.234699267662753
0 4 620.6298407314331 75.99443909989155 661.6487556483444 7.766855921855922
0 70 385.7460606403828 -6.160877871397614 7.543665223869093 7.766855921855922
0 60 972.1705762005414 300.82818234159834 932.6773107156195 47.385944465526855
0 2 0.9943773677036081 -10.92128351271731 -2.8066154157060765 7.766855921855922
0 53 281.8514524735917 304.3570446471063 613.769940301775 9.244515731784396
0 27 -12.08727808067372 -668.4445867635698 52.86140567330129 7.766855921855922
0 57 -978.7186027575909 779.8384903098691 311.48627584740706 7.766855921855922
0 18 471.84199249207455 -418.4863060425645 -22.842418751462056 7.766855921855922
0 15 -195.6201628880189 -456.6604732660792 -1.1592291739045903 7.766855921855922
0 56 4.711816494050464 549.8859178043717 1.2252049888953511 7.766855921855922
0 58 132.6304692499388 255.5789283045947 -61.07919366574694 7.766855921855922
0 98 -47.31894929129495 19.111842476630912 -1.54622933335889 7.766855921855922
0 45 -19.315557022103427 -489.39348296254406 110.99163460325528 7.766855921855922
0 35 3.3587789534123043 -995.5654174830928 23.806948722728997 7.766855921855922
0 11 12.924699464628308 -253.9899843473379 2.40084144738032 7.766855921855922
0 83 292.11128262245666 -489.39348296254406 -983.0711531542596 7.766855921855922
0 70 24.80656083224224 -12.924699464628308 263.6177580761006 7.766855921855922
0 65 719.8509436510202 -3.533819435182103 632.0540006338927 7.766855921855922
0 48 -198.29806528683955 56.33631078231322 650.2905603833145 7.766855921855922
0 25 6.310751931681087 -201.0011912257319 -908.7483088389946 7.766855921855922
0 88 -842.9526892473448 -43.48842603527776 -767.2966561297998 7.766855921855922
0 87 187.73739812226955 -187.73739812226955 226.46872015779306 7.766855921855922
0 34 44.73523746317199 -47.761471503386794 686.4802812546851 19.48730282404503
0 13 913.1987092372023 243.0437580002738 590.9000213823455 7.766855921855922
0 22 -545.3531144098193 -3.2742580014738065 109.24698965842845 7.766855921855922
0 21 -9.969969264836589 -73.42755537378615 52.86140567330129 7.766855921855922
0 16 276.8043211015564 -491.6013716539818 -5.525397988803933 14.340854223868488
0 71 -659.3801109716563 -55.32473897360948 53.34665512571475 7.766855921855922
0 58 -213.47822450958293 -96.83139584924346 -997.9469991838506 7.766855921855922
0 62 -107.5236512006549 -967.6529509092971 -875.055081391187 7.766855921855922
0 92 -19.52116533968904 -3.812004929644161 12.640022488505272 20.908796022003795
0 85 677.479489830122 9.969969264836589 -74.06261133144415 7.766855921855922
0 1 77.96667573281333 -918.9834999767215 969.4988407689909 7.766855921855922
0 89 -998.181211559503 20.57811572929784 -1.8670833384757517 7.766855921855922
0 98 -41.082305315877704 999.2891416684733 -7.110547741134667 13.234520692386862
0 99 41.082305315877704 890.022581198703 1.484460310582977 7.766855921855922
0 38 -1.1119233671076443 9.093239987790309 -622.9157512983055 7.766855921855922
0 27 -953.3100272162797 8.782659613062226 -454.50607459880683 7.766855921855922
0 95 175.09965675011335 -1.2594804302571774 26.10694840220178 10.414598109035294
0 87 2.278029544741524 -2.1897342027843503 -699.907489092922 7.766855921855922
0 7 -363.9658948831255 794.2158526165467 -999.822238023755 7.766855921855922
0 74 42.27095333841711 -0.901091276243778 -51.42759183381907 7.766855921855922
0 34 -9.632731539373252 -155.03023584619524 936.5653298008534 7.766855921855922
0 74 3.3587789534123043 -141.91309093155598 -875.055081391187 7.766855921855922
0 67 -540.8269077696117 16.450855816945793 42.27095333841711 7.766855921855922
0 67 -984.4142896745818 -0.8759708202690937 -3.5788594772146167 7.766855921855922
0 59 -106.6699277145385 529.5432457641605 -5.525397988803933 7.766855921855922
0 88 182.60754351177692 340.93601982656935 995.9123771664724 7.766855921855922
0 66 8.988639490917539 881.8013770321729 -98.41975058105766 7.766855921855922
0 60 -677.479489830122 549.8859178043717 -283.546132426396 7.766855921855922
0 29 -48.207446518278985 2.1897342027843503 -100.84051081148758 7.766855921855922
0 22 -81.34499268065883 -27.46573640660345 186.4455573889486 7.766855921855922
0 8 -344.7195813979866 21.235935863475117 3.95844503008868 7.766855921855922
0 34 363.9658948831255 -17.36131001139517 10.317692786624779 7.766855921855922
0 54 -697.676326071031 -4.829460842092108 -137.72945349572973 7.766855921855922
0 50 1.3490871355946945 -48.65689383203548 7.367653564999376 7.766855921855922
0 16 -64.99069903390969 999.6516162552707 16.27388215925175 7.766855921855922
0 99 -40.305634738076094 77.3047404432997 34.19096750703116 7.766855921855922
0 52 -268.5160891601168 -558.9694578472678 1.6322794952194584 7.766855921855922
0 82 -118.18606065666415 -6.463904204136543 -130.63112364567263 7.766855921855922
0 19 33.52645519660903 145.11233518231327 471.84199249207455 7.766855921855922
0 78 19.315557022103427 -465.3144907628399 -463.14561190811463 7.766855921855922
0 13 428.956398679073 5.870721275738481 910.2423061281431 11.722653373226429
0 65 140.85842092104502 14.434870394819859 19.111842476630912 7.766855921855922
0 47 35.901507238855096 -202.36222385925777 -5.458577189919378 7.766855921855922
0 26 -124.76951657309542 951.0620228537789 139.80960059200925 7.766855921855922
0 65 57.88227919830123 3.3162727984168034 11.171381433530824 12.018951059859736
0 26 -1.5253809282306867 -543.089157748656 -520.5527766530543 7.766855921855922
0 65 34.52740999501849 52.86140567330129 -92.18701439882877 7.766855921855922
0 94 -21.235935863475117 9.093239987790309 241.50526617973327 7.766855921855922
0 27 -12.360912534818452 -9.093239987790309 132.6304692499388 13.230911335538234
0 49 -47.761471503386794 38.78944478017243 936.5653298008534 7.766855921855922
0 2 -23.08031680358867 3.2327295249379806 835.4573328954519 7.766855921855922
0 33 -511.59851542405266 -3.071379577801739 -581.7607489775495 7.766855921855922
0 7 -27.18920903337749 -1.8422755163328952 706.5835832436754 7.766855921855922
0 15 -48.207446518278985 123.81231552928406 1.2946410835854767 7.766855921855922
0 63 87.7204697797924 -280.16291660533943 814.2310475052534 7.766855921855922
0 30 855.7630278609373 -1.4249764381924648 213.47822450958293 7.766855921855922
0 81 17.548611580106492 123.81231552928406 -38.049626909191666 7.766855921855922
0 32 975.5500845689226 331.57526730170656 333.4361120646482 7.766855921855922
0 69 666.1810638304398 1.3307076049324877 266.87707733323145 100.11111926779805
0 92 32.55035151639342 -22.372999101651434 960.7894391523232 7.766855921855922
0 5 50.026265018240935 82.03452275491516 24.302306875338452 7.766855921855922
0 44 4.37430726511824 888.3975009004357 -30.977442520485074 15.12404918501258
0 58 -223.53752096066137 -26.373969005790613 704.361190291616 10.345966009958195
0 73 24.053523695007314 -443.7908980686006 -244.58857205385542 8.863862871815355
0 43 999.1399256317256 -30.366747207470357 18.511919733740925 7.766855921855922
0 4 883.4646494182202 1.3490871355946945 -84.13120135482838 7.766855921855922
0 18 290.3860599821371 632.0540006338927 -977.160853759817 7.766855921855922
0 67 -620.6298407314331 835.4573328954519 -2.0768939849623913 7.766855921855922
0 40 -1.5253809282306867 -1.2769488241700675 -677.479489830122 7.766855921855922
0 85 -257.17415497249834 -344.7195813979866 -23.562566299640974 7.766855921855922
0 94 142.97362431112603 344.7195813979866 -1.9433633700689128 7.766855921855922
0 95 998.181211559503 -161.9123006342367 34.52740999501849 13.331948270748683
0 92 842.9526892473448 -25.062063262558762 12.499777379850377 7.766855921855922
0 99 -18.315638888734178 999.9928889141728 8.580911710940288 7.766855921855922
0 57 3.670512429851574 -320.53052101554124 131.62793639275085 7.766855921855922
0 4 -235.41458890681233 406.068352443785 91.43035191730954 7.766855921855922
0 19 946.4203685202788 8.580911710940288 -1.9433633700689128 7.766855921855922
0 69 -814.2310475052534 728.6266793649934 13.362356017876554 13.66110460277149
0 92 -883.4646494182202 -998.9765241090889 -1.8921983077948115 7.766855921855922
0 15 -0.9533512863967404 -1.9433633700689128 -13.813064324802642 7.766855921855922
0 41 335.3026313549239 -990.8263371683942 -1.6996916198818586 7.766855921855922
0 60 983.0711531542596 9.413598369701631 196.95596343181847 7.766855921855922
0 12 969.4988407689909 -11.68689545931768 -5.198538358669418 7.766855921855922
0 93 -777.7616912984204 136.698098626648 -20.79538899048429 14.984994663345525
0 76 56.84779886790731 -140.85842092104502 -993.1895193821675 7.766855921855922
0 90 -260.38343092302904 63.28996808605583 13.51112609505664 11.983843080495202
0 92 102.48005229376876 4.320239474094062 433.1742915316544 7.766855921855922
0 77 -166.6218434923668 9.632731539373252 -881.8013770321729 7.766855921855922
0 43 -581.7607489775495 -209.26223279897872 995.9123771664724 7.766855921855922
0 53 -371.8139152163396 -222.08144142659623 4.266779294178442 7.766855921855922
0 75 983.0711531542596 20.79538899048429 -994.4404009802407 7.766855921855922
0 20 -68.50418474278179 -862.9004051039246 -1.7460485771277545 7.766855921855922
0 59 5.458577189919378 -7.367653564999376 40.305634738076094 30.061714138200248
0 42 586.3292554782831 650.2905603833145 -131.62793639275085 7.766855921855922
0 93 -224.99994727499248 -998.9765241090889 998.4012793176064 23.481729367625455
0 23 -8.383321261286595 907.2438605592797 -901.1227638427191 7.766855921855922
0 90 -0.9805234463178063 -138.7666161100298 167.8145128020078 7.766855921855922
0 41 -103.30758853268729 572.6325104064184 -6.160877871397614 7.766855921855922
0 93 -2.5628882227176892 -999.2891416684733 -249.26090717663968 7.766855921855922
0 39 853.9575635874804 -6.6999149650828 -4.320239474094062 7.766855921855922
0 45 -0.9805234463178063 4.058895265679153 50.95689951502169 7.766855921855922
0 31 -767.2966561297998 482.78793593514763 8.782659613062226 7.766855921855922
0 5 -5.9420802290793375 2.0495315994753476 -64.99069903390969 12.580988429742105
0 92 -2.369581841049828 -202.36222385925777 23.806948722728997 7.766855921855922
0 21 8.580911710940288 513.8334979265298 609.1955272463401 7.766855921855922
0 76 -276.8043211015564 260.38343092302904 -864.6632872643253 7.766855921855922
0 30 595.4725422392698 -788.0891980779462 454.50607459880683 7.766855921855922
0 32 -771.4985825509513 1.4249764381924648 -350.43641543204484 42.78151175776182
0 81 -833.5642922905702 -593.1860941356141 570.3526390519357 9.106723679709066
0 57 595.4725422392698 -60.5365209233276 10.43597820660384 7.766855921855922
0 97 -735.1688258500303 27.74468160279172 -431.0632514918189 7.766855921855922
0 54 31.286712955518144 999.9360020479563 -110.99163460325528 7.766855921855922
0 27 -994.4404009802407 1.3307076049324877 -4.484289956747011 7.766855921855922
0 39 181.34068528269756 4.428988723962282 520.5527766530543 7.766855921855922
0 12 6.160877871397614 155.03023584619524 931.358402111352 7.766855921855922
0 61 554.424854922545 58.93223166367471 23.08031680358867 10.16989747598607
0 99 -108.3826659350967 152.78445967628664 -10.555469566198799 7.766855921855922
0 35 -4.596776417277874 636.6189481297823 758.8318170069904 7.766855921855922
0 47 1.2769488241700675 -786.0351418828395 842.9526892473448 13.618982155185082
0 69 741.6747720933412 -297.3233204924443 -271.81277476085376 26.7209804789033
0 82 395.84715632419505 -315.0863834917491 -41.87155987524904 7.766855921855922
0 95 -783.9752893789288 -8.286062069684728 6.087151071227349 7.766855921855922
0 44 871.6269312295627 -471.84199249207455 -636.6189481297823 7.766855921855922
0 1 -786.0351418828395 -8.580911710940288 -996.5641383500792 7.766855921855922
0 35 381.74016005188844 0.9400288421806862 -326.0269895175762 7.766855921855922
0 72 -959.7583184997327 -23.562566299640974 -61.62585467328441 13.026340034417595
0 89 4.109984589477007 -864.6632872643253 -650.2905603833145 12.138119938824154
0 49 80.66011118390196 213.47822450958293 -311.48627584740706 7.766855921855922
0 35 -195.6201628880189 -641.1803884299546 -942.8131962839249 7.766855921855922
0 89 -383.74061191526187 -53.34665512571475 -114.5454032102006 7.766855921855922
0 66 348.5253035300462 4.37430726511824 969.4988407689909 10.537747990467297
0 92 -456.6604732660792 839.2205137581299 70.93123130751714 7.766855921855922
0 76 -827.8402225841537 1.1119233671076443 2.0768939849623913 7.766855921855922
0 28 993.6204363791489 951.0620228537789 3.1110122883359086 7.766855921855922
0 83 362.0170387115832 -983.0711531542596 -24.553313989951988 7.766855921855922
0 74 315.0863834917491 -959.7583184997327 735.1688258500303 7.766855921855922
0 84 -203.72957489957471 435.28947911066047 -1.7935678252603764 7.766855921855922
0 89 -568.0737654177344 -708.8029074422434 57.36311501438888 7.766855921855922
0 61 -55.82863079806684 -422.66135490141073 -14.434870394819859 11.575051964501652
0 56 995.9123771664724 -968.5823437793704 -116.35480280870391 7.766855921855922
0 72 -3.95844503008868 883.4646494182202 -16.809880432864844 7.766855921855922
0 55 -990.8263371683942 -4.161657786265153 57.36311501438888 8.913294461828608
0 74 859.3487496595466 -89.18981349138066 -704.361190291616 7.766855921855922
0 50 83.42760743445314 -487.1885814259298 135.6725372391095 7.766855921855922
0 79 315.0863834917491 19.315557022103427 873.3455346669559 7.766855921855922
0 23 -593.1860941356141 996.8689121118641 63.28996808605583 8.849574007119895
0 72 4.213920717801252 695.4423847375438 273.4704305986858 7.766855921855922
0 63 194.29065878548815 704.361190291616 -176.33545369813584 7.766855921855922
0 61 406.068352443785 520.5527766530543 367.87944117144235 7.766855921855922
0 48 456.6604732660792 -83.42760743445314 -859.3487496595466 7.766855921855922
0 79 507.13603386966753 -297.3233204924443 -271.81277476085376 12.235498135289442
0 93 -991.8132510152211 618.3435244766652 -4.320239474094062 7.766855921855922
0 54 -68.50418474278179 -590.9000213823455 474.02462839387346 7.766855921855922
0 96 -437.408774169447 2.161008118920224 -21.235935863475117 7.766855921855922
0 12 -260.38343092302904 -476.21058786196096 36.60580500547935 7.766855921855922
0 47 829.7556658693529 4.829460842092108 -467.48687757763474 7.766855921855922
0 19 9.413598369701631 -969.4988407689909 47.31894929129495 7.766855921855922
0 56 450.2085115909504 33.52645519660903 670.7062616015608 7.766855921855922
0 30 14.27714729748175 11.952485865746999 6.6203966096800455 7.766855921855922
0 66 21.91197960527486 -6.386914442892987 -230.91311199273648 7.766855921855922
0 83 -195.6201628880189 -121.91468553354511 -441.659524634296 7.766855921855922
0 92 102.48005229376876 198.29806528683955 996.8689121118641 7.766855921855922
0 72 -997.6986521707419 -918.9834999767215 -199.64647308648514 7.766855921855922
0 8 -22.372999101651434 -275.13428263625076 34.19096750703116 7.766855921855922
0 53 -561.2437364432349 295.5799264584372 155.03023584619524 7.766855921855922
0 47 959.7583184997327 -36.252203580148276 145.11233518231327 7.766855921855922
0 86 182.60754351177692 11.045703194934003 823.9874333317032 9.3466760129325
0 9 236.92775868212178 27.46573640660345 203.72957489957471 7.766855921855922
0 53 -730.8112942200039 756.7033334839755 -74.06261133144415 7.766855921855922
0 33 686.4802812546851 719.8509436510202 -16.99195790766509 7.766855921855922
0 43 -182.60754351177692 27.46573640660345 -169.01331540606608 7.766855921855922
0 14 2.6648652705639053 -4.320239474094062 178.82564466308554 82.64113493248672
0 35 412.25695599332846 -21.235935863475117 -32.55035151639342 7.766855921855922
0 80 -77.96667573281333 145.11233518231327 -810.2802438338863 7.766855921855922
0 33 -227.94383912421387 -4.484289956747011 2.338695981575381 7.766855921855922
0 65 625.2011895423117 -235.41458890681233 875.055081391187 7.766855921855922
0 75 -153.90434591069092 -261.99746667571577 72.17065343881134 7.766855921855922
0 42 -19.728681708524682 93.71517862659043 278.4805358984724 7.766855921855922
0 94 -953.3100272162797 841.0905124570711 931.358402111352 7.766855921855922
0 41 -597.759301978483 -666.1810638304398 38.049626909191666 7.766855921855922
0 66 -561.2437364432349 -77.96667573281333 -120.97422437429556 14.029901580096842
0 30 227.94383912421387 -96.83139584924346 11.819028702566058 7.766855921855922
0 94 661.6487556483444 271.81277476085376 -91.43035191730954 11.110018351096278
0 50 -1.3490871355946945 -30.670793026394055 49.109832973784656 7.766855921855922
0 37 -365.9200381520001 -973.8865656978076 -72.79690941452945 7.766855921855922
0 3 10.084698539409285 -538.5664215774289 -831.66371288592 7.766855921855922
0 26 -999.6516162552707 -48.65689383203548 -66.14513077327851 15.643853557012111
0 41 878.4467393499314 -704.361190291616 42.27095333841711 7.766855921855922
0 75 -134.65275493009034 933.984803609425 606.9081740042766 7.766855921855922
0 96 -1.769661292086738 -1.0370361974177806 46.87986041980215 9.641571093147649
0 41 -818.1545694682427 -2.40084144738032 7.195339330425371 11.543034657252905
0 54 132.6304692499388 391.79207532635536 -189.03550121515698 7.766855921855922
0 51 -24.553313989951988 20.79538899048429 -981.6740012799432 7.766855921855922
0 12 -994.8294137390491 -999.822238023755 -804.3041560655722 7.766855921855922
0 7 -140.85842092104502 -9.632731539373252 859.3487496595466 7.766855921855922
0 40 543.089157748656 650.2905603833145 -663.9157633354736 7.766855921855922
0 39 315.0863834917491 406.068352443785 -946.4203685202788 7.766855921855922
0 67 -67.31623906333888 -63.85278298795806 -556.6964775929704 7.766855921855922
0 95 121.91468553354511 445.92621504025493 30.670793026394055 7.766855921855922
0 35 -810.2802438338863 365.9200381520001 -445.92621504025493 7.766855921855922
0 46 88.45271963742024 998.4012793176064 -395.84715632419505 7.766855921855922
0 19 -999.6516162552707 10.084698539409285 41.47535017098918 7.766855921855922
0 94 57.88227919830123 -989.2422826105027 23.806948722728997 7.766855921855922
0 70 -236.92775868212178 -1.0664115055580667 -4.829460842092108 7.766855921855922
0 96 941.5870800105151 543.089157748656 577.195002030279 17.560610385682203
0 1 -994.8294137390491 -241.50526617973327 -4.058895265679153 7.766855921855922
0 14 239.97310019457993 -149.46070286752578 -741.6747720933412 7.766855921855922
0 19 -110.11664002540041 754.5700885060243 684.2335310269239 14.446457602779875
0 77 504.9086395892254 75.99443909989155 -33.52645519660903 7.766855921855922
0 29 -737.3415952055348 956.5899589013445 151.6705651954234 7.766855921855922
0 84 -156.16214126075397 -176.33545369813584 -21.684582002169485 7.766855921855922
0 87 699.907489092922 222.08144142659623 986.9376187392776 7.766855921855922
0 98 -986.3272221679593 117.2676910361409 4.596776417277874 8.683216774089063
0 50 -977.9463723541749 -23.806948722728997 14.594128334927582 7.766855921855922
0 30 244.58857205385542 491.6013716539818 431.0632514918189 7.766855921855922
0 18 -754.5700885060243 572.6325104064184 939.0995599320125 7.766855921855922
0 99 837.3427636725575 565.7959502087073 765.1879586307416 14.166746143319443
0 36 -14.9172983285519 -6.6203966096800455 244.58857205385542 7.766855921855922
0 22 954.4156601130591 -2.770545321721722 -60.5365209233276 7.766855921855922
0 51 363.9658948831255 -12.08727808067372 137.72945349572973 7.766855921855922
0 18 -28.596190258392685 9.30570979178357 -85.55259037720494 7.766855921855922
0 44 1.7227264271112253 -9.30570979178357 -2.104591741312798 10.816337061925282
0 29 81.34499268065883 -1.2946410835854767 329.72011818024174 13.274808753043146
0 36 968.5823437793704 41.47535017098918 -487.1885814259298 9.067019073639965
0 78 9.30570979178357 25.842263684898327 -868.1628211005483 7.766855921855922
0 30 971.2929944878241 26.10694840220178 5.9420802290793375 7.766855921855922
0 10 568.0737654177344 675.2237840615702 -910.2423061281431 12.577118866265703
0 97 -837.3427636725575 6.6999149650828 -17.737681570776694 7.766855921855922
0 89 -837.3427636725575 -964.7877875405851 -8.383321261286595 8.376845665562975
0 11 57.36311501438888 570.3526390519357 -741.6747720933412 7.766855921855922
0 58 23.806948722728997 -3.717136081449266 980.2230696662222 7.766855921855922
0 92 -911.7257927145712 362.0170387115832 -97.62303707820443 7.766855921855922
0 58 -152.78445967628664 -435.28947911066047 255.5789283045947 7.766855921855922
0 94 182.60754351177692 -0.863656014328385 4.0083840011806995 7.766855921855922
0 8 790.1373843150038 369.8440762230432 -25.062063262558762 7.766855921855922
0 79 890.022581198703 141.91309093155598 389.77182398660045 7.766855921855922
0 64 5.392487787384601 79.30421493407943 -923.20825232214 7.766855921855922
0 94 -982.3793146181777 964.7877875405851 961.8079884497893 7.766855921855922
0 17 43.48842603527776 467.48687757763474 250.83096824381025 7.766855921855922
0 69 -816.1962549287508 -74.06261133144415 -974.7249016017939 7.766855921855922
0 55 -212.06655580335135 365.9200381520001 3.071379577801739 7.766855921855922
0 5 -31.286712955518144 -907.2438605592797 790.1373843150038 7.766855921855922
0 93 -866.4174484761254 3.1511115984444413 1.54622933335889 8.803028113673392
0 72 812.2590196257241 -350.43641543204484 -40.69240644482895 7.766855921855922
0 33 131.62793639275085 3.670512429851574 -6.463904204136543 7.766855921855922
0 46 -12.360912534818452 850.3217731846602 -4.770309936439416 7.766855921855922
0 36 13.6613582108263 -352.35299549206127 -0.8159878350721482 7.766855921855922
0 16 278.4805358984724 -57.36311501438888 -708.8029074422434 7.766855921855922
0 33 -102.48005229376876 160.750147225271 -54.32824013352512 7.766855921855922
0 3 -426.85377240942233 -735.1688258500303 39.54139776878859 7.766855921855922
0 80 -925.9696893289636 -1.9176238366825302 -1.610362451769495 7.766855921855922
0 71 -935.2808275727068 -3.533819435182103 10.43597820660384 7.766855921855922
0 57 677.479489830122 340.93601982656935 975.5500845689226 7.766855921855922
0 60 945.2298901146783 40.305634738076094 -35.901507238855096 7.766855921855922
0 68 249.26090717663968 -28.88497319389854 -207.86957391480766 7.766855921855922
0 47 3.1110122883359086 -2.369581841049828 157.30007376080368 7.766855921855922
0 18 -754.5700885060243 -161.9123006342367 -6.943654131535945 8.868622221551842
0 58 10.676177255050533 18.315638888734178 717.6480580164288 7.766855921855922
0 29 636.6189481297823 618.3435244766652 129.64001593677744 7.766855921855922
0 31 5.262475277863783 -954.4156601130591 -41.47535017098918 7.766855921855922
0 76 316.8952504287921 -7.543665223869093 -735.1688258500303 7.766855921855922
0 31 -26.915082966282117 -20.57811572929784 311.48627584740706 7.766855921855922
0 98 -827.8402225841537 -422.66135490141073 315.0863834917491 7.766855921855922
0 93 -997.4361811008567 -16.629517500476222 -18.710037936154336 7.766855921855922
0 84 7.63307882003053 -997.4361811008567 -182.60754351177692 7.766855921855922
0 50 -280.16291660533943 61.62585467328441 -1.3865521081411516 7.766855921855922
0 80 -108.3826659350967 322.35688779872874 21.459239080080405 7.766855921855922
0 11 66.14513077327851 129.64001593677744 650.2905603833145 7.766855921855922
0 9 -5.198538358669418 593.1860941356141 -243.0437580002738 7.766855921855922
0 61 699.907489092922 -268.5160891601168 739.5102685613598 9.150396300573167
0 50 1.2422333328900226 686.4802812546851 -3.3162727984168034 15.141006850924976
0 18 -20.57811572929784 356.2024606831856 -339.0526072544422 7.766855921855922
0 29 -229.4253034145985 4.5402171192708884 -10.084698539409285 7.766855921855922
0 70 -120.03931078151147 3.6244220261688502 12.640022488505272 7.766855921855922
0 26 928.6865527072594 697.676326071031 28.02606120295602 7.766855921855922
0 19 369.8440762230432 -4.653974106725131 -1.3307076049324877 7.766855921855922
0 27 -110.99163460325528 -327.87068545408124 1.8921983077948115 9.825812215490151
0 50 -22.842418751462056 816.1962549287508 348.5253035300462 7.766855921855922
0 52 931.358402111352 26.64334175295623 7.455192985020814 7.766855921855922
0 65 27.46573640660345 -98.41975058105766 -47.31894929129495 7.766855921855922
0 33 618.3435244766652 -55.32473897360948 -946.4203685202788 33.688291233920275
0 18 -89.93177065421145 -13.6613582108263 955.508985746464 7.766855921855922
0 67 16.27388215925175 -439.53213627762307 -976.3620799825358 20.60780618434987
0 32 -8.988639490917539 921.8109580406331 -814.2310475052534 7.766855921855922
0 29 997.1595971547114 -1.6544712993476167 -443.7908980686006 7.766855921855922
0 16 -138.7666161100298 395.84715632419505 128.65459806589402 7.766855921855922
0 16 8.481601422625094 1.0664115055580667 -545.3531144098193 7.766855921855922
0 79 -987.534348026621 186.4455573889486 -500.46180341114035 9.100804754782567
0 96 113.64885792618341 1.08138666631775 -988.6867043496658 7.766855921855922
0 66 209.26223279897872 -348.5253035300462 11.426556546234506 7.766855921855922
0 60 5.135305210884407 4.161657786265153 859.3487496595466 7.766855921855922
0 86 -993.1895193821675 -171.42935867518335 1.610362451769495 7.766855921855922
0 46 994.8294137390491 -4.266779294178442 106.6699277145385 7.766855921855922
0 40 57.88227919830123 604.6208100002785 -957.6585348384118 11.536806506195555
0 55 456.6604732660792 114.5454032102006 -206.48324662862507 7.766855921855922
0 72 8.988639490917539 2.278029544741524 -942.8131962839249 7.766855921855922
0 64 -276.8043211015564 -5.327122794344104 -67.90809717870945 32.68182101247869
0 87 -2.6304672741941992 16.09858337489415 391.79207532635536 7.766855921855922
0 6 10.084698539409285 984.4142896745818 212.06655580335135 7.766855921855922
0 23 -331.57526730170656 12.08727808067372 249.26090717663968 7.766855921855922
0 35 -316.8952504287921 2.5628882227176892 2.7348998971773133 7.766855921855922
0 86 -531.7961120574406 -22.60665129055863 -1.312559803454191 7.766855921855922
0 42 -299.0727439304821 -35.55369780545818 410.1895126917134 7.766855921855922
0 60 794.2158526165467 -169.01331540606608 72.17065343881134 8.479542653444698
0 99 -3.2742580014738065 -4.109984589477007 980.2230696662222 7.766855921855922
0 36 -1.127489524231561 -286.953878628927 -29.470060053676185 10.853659115101207
0 30 595.4725422392698 859.3487496595466 -1.3677010696468141 7.766855921855922
0 2 -7.281038485951703 823.9874333317032 -333.4361120646482 7.766855921855922
0 64 95.26325532781016 775.6793910769313 445.92621504025493 7.766855921855922
0 32 -36.252203580148276 -2.161008118920224 -4.596776417277874 7.766855921855922
0 90 -956.5899589013445 979.4775125029315 391.79207532635536 7.766855921855922
0 64 -9.093239987790309 -1.7227264271112253 -25.319837207990012 7.766855921855922
0 74 -391.79207532635536 -9.632731539373252 -1.1592291739045903 10.630086762371581
0 75 4.161657786265153 2.8066154157060765 -974.7249016017939 57.57883275347197
0 49 4.484289956747011 -702.1358013529799 -931.358402111352 7.766855921855922
0 46 -306.1304379639632 989.7840960410764 69.70912859446432 7.766855921855922
0 86 -999.1399256317256 -5.072769061766942 -55.32473897360948 7.766855921855922
0 86 933.984803609425 86.99304455988062 27.46573640660345 7.766855921855922
0 76 839.2205137581299 324.1890504064601 -40.305634738076094 7.766855921855922
0 56 -1.0084126906655186 437.408774169447 754.5700885060243 12.896140003837893
0 55 -3.1511115984444413 80.66011118390196 -216.3205858710134 7.766855921855922
0 93 106.6699277145385 -339.0526072544422 207.86957391480766 7.766855921855922
0 79 369.8440762230432 59.46305997430319 306.1304379639632 7.766855921855922
0 26 -850.3217731846602 -75.99443909989155 -67.90809717870945 7.766855921855922
0 68 577.195002030279 -110.99163460325528 848.49158563416 7.766855921855922
0 36 -1.2422333328900226 -478.3998239016003 -120.97422437429556 7.766855921855922
0 13 -1.3865521081411516 -109.24698965842845 -2.9174188765497693 7.766855921855922
0 52 -1.4445552680320377 -358.13529519195157 -792.1796270036092 7.766855921855922
0 94 -226.46872015779306 -7.63307882003053 -42.6735495142731 7.766855921855922
0 7 -146.19053929797596 -634.3368787863758 -894.8393168143698 7.766855921855922
0 60 7.281038485951703 -178.82564466308554 756.7033334839755 7.766855921855922
0 9 835.4573328954519 -998.4012793176064 31.286712955518144 7.766855921855922
0 88 -973.8865656978076 216.3205858710134 -4.161657786265153 7.766855921855922
0 54 0.9943773677036081 3.4892965973760797 996.8689121118641 9.298380889085648
0 76 -80.66011118390196 -86.99304455988062 -588.614387433212 7.766855921855922
0 61 469.6627267937703 -18.910007494257073 1.5887170989426074 10.59309497198762
0 41 -126.70077040725849 3.95844503008868 -47.31894929129495 7.766855921855922
0 12 391.79207532635536 543.089157748656 -1.0516287658571344 7.766855921855922
0 57 -931.358402111352 -84.83952248007219 -995.5654174830928 9.82869830261706
0 32 -986.3272221679593 -109.24698965842845 -2.104591741312798 7.766855921855922
0 96 -217.75128156524426 191.65051925295782 -0.8159878350721482 7.766855921855922
0 8 222.08144142659623 -998.9765241090889 -1.1592291739045903 7.766855921855922
0 43 -999.2891416684733 306.1304379639632 -41.87155987524904 7.766855921855922
0 91 59.46305997430319 -205.10324801516558 572.6325104064184 7.766855921855922
0 49 -19.52116533968904 -243.0437580002738 -36.252203580148276 7.766855921855922
0 48 107.5236512006549 32.55035151639342 8.286062069684728 7.766855921855922
0 14 -43.07936739995334 -331.57526730170656 -894.8393168143698 7.766855921855922
0 98 -77.96667573281333 -841.0905124570711 91.43035191730954 7.766855921855922
0 80 -907.2438605592797 549.8859178043717 29.76639783489453 7.766855921855922
0 43 -5.072769061766942 600.0463093799681 -991.8132510152211 7.766855921855922
0 96 64.41968660255694 10.798111729492911 -103.30758853268729 7.766855921855922
0 84 167.8145128020078 -982.3793146181777 995.2044245556931 7.766855921855922
0 68 -133.63873715907997 835.4573328954519 391.79207532635536 7.766855921855922
0 15 -893.2435526149937 35.55369780545818 -992.2859075169348 7.766855921855922
0 21 -2.6304672741941992 -38.049626909191666 -993.1895193821675 32.679407493764174
0 34 996.5641383500792 -3.812004929644161 -661.6487556483444 7.766855921855922
0 78 1.8422755163328952 -2.0768939849623913 -335.3026313549239 17.58081358958621
0 6 -748.1425249526778 711.0190900224698 36.252203580148276 60.763494267599334
0 70 10.555469566198799 -0.9533512863967404 -663.9157633354736 7.766855921855922
0 21 684.2335310269239 -32.23042346341634 979.4775125029315 7.766855921855922
0 1 307.90978509655105 898.0010871912419 383.74061191526187 7.766855921855922
0 64 -2.369581841049828 -4.109984589477007 185.1599725422472 7.766855921855922
0 17 -92.18701439882877 939.0995599320125 804.3041560655722 7.766855921855922
0 56 150.5626503528486 -230.91311199273648 -4.484289956747011 7.766855921855922
0 63 846.6532959054675 3.6244220261688502 961.8079884497893 7.766855921855922
0 3 921.8109580406331 -8.094570280841312 441.659524634296 7.766855921855922
0 34 339.0526072544422 -23.320360834443544 982.3793146181777 7.766855921855922
0 56 216.3205858710134 999.9715559600949 -233.9077564742394 7.766855921855922
0 11 17.928533629586024 -469.6627267937703 -672.9660176509437 7.766855921855922
0 16 -850.3217731846602 -12.08727808067372 775.6793910769313 16.018912646598228
0 17 -25.062063262558762 -0.9268793878004573 306.1304379639632 7.766855921855922
0 78 -584.044688441383 8.681261346550277 996.2452888444491 7.766855921855922
0 52 8.782659613062226 668.4445867635698 -979.4775125029315 7.766855921855922
0 49 952.192132744021 822.0502307884929 -584.044688441383 7.766855921855922
0 48 -2.880047636716695 -997.6986521707419 -290.3860599821371 7.766855921855922
0 12 831.66371288592 -295.5799264584372 908.7483088389946 7.766855921855922
0 82 -23.320360834443544 -1.676940964167717 931.358402111352 7.766855921855922
0 11 -962.8139240778031 -29.76639783489453 10.200602983146439 7.766855921855922
0 33 558.9694578472678 2.770545321721722 -385.7460606403828 7.766855921855922
0 16 -203.72957489957471 -722.0503220091856 593.1860941356141 7.766855921855922
0 91 -273.4704305986858 504.9086395892254 9.632731539373252 7.766855921855922
0 16 -864.6632872643253 22.842418751462056 866.4174484761254 7.766855921855922
0 19 -322.35688779872874 675.2237840615702 625.2011895423117 12.645753696254946
0 47 260.38343092302904 12.360912534818452 1.6996916198818586 7.766855921855922
0 38 -129.64001593677744 5.198538358669418 -476.21058786196096 7.766855921855922
0 36 525.0437020905116 -454.50607459880683 414.3289269335416 7.766855921855922
0 1 820.1059188159096 233.9077564742394 927.3337203922216 7.766855921855922
0 87 -20.79538899048429 5.262475277863783 1.127489524231561 7.766855921855922
0 78 -724.2461197198362 -46.44418546135818 20.149496066678882 7.766855921855922
0 22 -977.9463723541749 2.2482410790933085 201.0011912257319 9.38676210872543
0 16 -0.8884485862954093 28.88497319389854 -6.7802919932163705 7.766855921855922
0 64 9.522602353145167 -155.03023584619524 846.6532959054675 7.766855921855922
0 13 33.85732185702312 974.7249016017939 758.8318170069904 7.766855921855922
0 51 773.5916635239479 -940.3491843351686 329.72011818024174 7.766855921855922
0 11 -141.91309093155598 14.9172983285519 57.36311501438888 7.766855921855922
0 72 209.26223279897872 -62.73122179617208 -5.730319446408162 7.766855921855922
0 43 121.91468553354511 504.9086395892254 -690.9664563673877 7.766855921855922
0 24 -5.392487787384601 -998.7989440679407 -10.43597820660384 7.766855921855922
0 89 756.7033334839755 -880.1287185639057 -311.48627584740706 7.766855921855922
